4299193786 9428 0 5
4299193799 0 0 0
4299193812 0 0 0
4299193825 0 0 0
4299193838 0 0 0
4299193851 0 0 0
4299193864 0 0 0
4299193877 0 0 0
4299193890 0 0 0
4299193903 0 0 0
4299193916 0 0 0
4299193929 0 0 0
4299193942 0 0 0
4299193955 0 0 0
4299193968 0 0 0
4299193981 0 0 0
4299193994 0 0 0
4299194007 0 0 0
4299194020 0 0 0
4299194033 7425 0 3
4299194046 0 0 0
4299194059 0 0 0
4299194072 0 0 0
4299194085 0 0 0
4299194098 0 0 0
4299194111 0 0 0
4299194124 0 0 0
4299194137 0 0 0
4299194150 0 0 0
4299194163 0 0 0
4299194176 0 0 0
4299194189 0 0 0
4299194202 0 0 0
4299194215 0 0 0
4299194228 0 0 0
4299194241 0 0 0
4299194254 0 0 0
4299194267 0 0 0
4299194280 0 0 0
4299194293 6047 0 2
4299194306 0 0 0
4299194319 0 0 0
4299194332 0 0 0
4299194345 0 0 0
4299194358 0 0 0
4299194371 0 0 0
4299194384 0 0 0
4299194397 0 0 0
4299194410 0 0 0
4299194423 0 0 0
4299194436 0 0 0
4299194449 0 0 0
4299194462 0 0 0
4299194475 0 0 0
4299194488 0 0 0
4299194502 0 0 0
4299194515 0 0 0
4299194528 0 0 0
4299194541 5055 0 2
4299194554 0 0 0
4299194567 0 0 0
4299194580 0 0 0
4299194593 0 0 0
4299194606 0 0 0
4299194619 0 0 0
4299194632 0 0 0
4299194645 0 0 0
4299194658 0 0 0
4299194671 0 0 0
4299194684 0 0 0
4299194697 0 0 0
4299194710 0 0 0
4299194723 0 0 0
4299194736 0 0 0
4299194749 0 0 0
4299194762 0 0 0
4299194775 0 0 0
4299194788 4100 0 2
4299194801 0 0 0
4299194814 0 0 0
4299194827 0 0 0
4299194840 0 0 0
4299194853 0 0 0
4299194866 0 0 0
4299194879 0 0 0
4299194892 0 0 0
4299194905 0 0 0
4299194918 0 0 0
4299194931 0 0 0
4299194944 0 0 0
4299194957 0 0 0
4299194970 0 0 0
4299194983 0 0 0
4299194996 0 0 0
4299195009 0 0 0
4299195022 0 0 0
4299195035 0 0 0
4299195048 3438 0 2
4299195061 0 0 0
4299195074 0 0 0
4299195087 0 0 0
4299195100 0 0 0
4299195113 0 0 0
4299195126 0 0 0
4299195139 0 0 0
4299195152 0 0 0
4299195165 0 0 0
4299195178 0 0 0
4299195191 0 0 0
4299195204 0 0 0
4299195217 0 0 0
4299195230 0 0 0
4299195243 0 0 0
4299195256 0 0 0
4299195269 0 0 0
4299195282 0 0 0
4299195295 2807 0 1
4299195308 0 0 0
4299195321 0 0 0
4299195334 0 0 0
4299195347 0 0 0
4299195360 0 0 0
4299195373 0 0 0
4299195386 0 0 0
4299195399 0 0 0
4299195412 0 0 0
4299195425 0 0 0
4299195438 0 0 0
4299195451 0 0 0
4299195464 0 0 0
4299195477 0 0 0
4299195490 0 0 0
4299195503 0 0 0
4299195516 0 0 0
4299195529 0 0 0
4299195542 2315 0 1
4299195555 0 0 0
4299195568 0 0 0
4299195581 0 0 0
4299195594 0 0 0
4299195607 0 0 0
4299195620 0 0 0
4299195633 0 0 0
4299195646 0 0 0
4299195659 0 0 0
4299195672 0 0 0
4299195685 0 0 0
4299195698 0 0 0
4299195711 0 0 0
4299195724 0 0 0
4299195737 0 0 0
4299195750 0 0 0
4299195763 0 0 0
4299195776 0 0 0
4299195789 0 0 0
4299195802 1874 0 1
4299195815 0 0 0
4299195828 0 0 0
4299195841 0 0 0
4299195854 0 0 0
4299195867 0 0 0
4299195880 0 0 0
4299195893 0 0 0
4299195906 0 0 0
4299195919 0 0 0
4299195932 0 0 0
4299195945 0 0 0
4299195958 0 0 0
4299195971 0 0 0
4299195984 0 0 0
4299195997 0 0 0
4299196010 0 0 0
4299196023 0 0 0
4299196036 0 0 0
4299196049 1602 0 1
4299196062 0 0 0
4299196075 0 0 0
4299196088 0 0 0
4299196101 0 0 0
4299196114 0 0 0
4299196127 0 0 0
4299196140 0 0 0
4299196153 0 0 0
4299196166 0 0 0
4299196179 0 0 0
4299196192 0 0 0
4299196205 0 0 0
4299196218 0 0 0
4299196231 0 0 0
4299196244 0 0 0
4299196257 0 0 0
4299196270 0 0 0
4299196283 0 0 0
4299196296 1252 0 1
4299196309 0 0 0
4299196322 0 0 0
4299196335 0 0 0
4299196348 0 0 0
4299196361 0 0 0
4299196374 0 0 0
4299196387 0 0 0
4299196400 0 0 0
4299196413 0 0 0
4299196426 0 0 0
4299196439 0 0 0
4299196452 0 0 0
4299196465 0 0 0
4299196478 0 0 0
4299196491 0 0 0
4299196504 0 0 0
4299196517 0 0 0
4299196530 0 0 0
4299196543 0 0 0
4299196556 982 0 0
4299196569 0 0 0
4299196582 0 0 0
4299196595 0 0 0
4299196608 0 0 0
4299196621 0 0 0
4299196634 0 0 0
4299196647 0 0 0
4299196660 0 0 0
4299196673 0 0 0
4299196686 0 0 0
4299196699 0 0 0
4299196712 0 0 0
4299196725 0 0 0
4299196738 0 0 0
4299196751 0 0 0
4299196764 0 0 0
4299196777 0 0 0
4299196790 0 0 0
4299196803 897 0 1
4299196816 0 0 0
4299196829 0 0 0
4299196842 0 0 0
4299196855 0 0 0
4299196868 0 0 0
4299196881 0 0 0
4299196894 0 0 0
4299196907 0 0 0
4299196920 0 0 0
4299196933 0 0 0
4299196946 0 0 0
4299196959 0 0 0
4299196972 0 0 0
4299196985 0 0 0
4299196998 0 0 0
4299197011 0 0 0
4299197024 0 0 0
4299197037 0 0 0
4299197050 721 0 1
4299197063 0 0 0
4299197076 0 0 0
4299197089 0 0 0
4299197102 0 0 0
4299197115 0 0 0
4299197128 0 0 0
4299197141 0 0 0
4299197154 0 0 0
4299197167 0 0 0
4299197181 0 0 0
4299197194 0 0 0
4299197207 0 0 0
4299197220 0 0 0
4299197233 0 0 0
4299197246 0 0 0
4299197259 0 0 0
4299197272 0 0 0
4299197285 0 0 0
4299197298 621 0 0
4299197311 0 0 0
4299197324 0 0 0
4299197337 0 0 0
4299197350 0 0 0
4299197363 0 0 0
4299197376 0 0 0
4299197389 0 0 0
4299197402 0 0 0
4299197415 0 0 0
4299197428 0 0 0
4299197441 0 0 0
4299197454 0 0 0
4299197467 0 0 0
4299197480 0 0 0
4299197495 0 0 0
4299197508 0 0 0
4299197521 0 0 0
4299197534 0 0 0
4299197547 92 0 1
4299197560 389 0 0
4299197573 0 0 0
4299197586 0 0 0
4299197599 0 0 0
4299197612 0 0 0
4299197625 0 0 0
4299197638 0 0 0
4299197651 0 0 0
4299197664 0 0 0
4299197677 0 0 0
4299197690 0 0 0
4299197703 0 0 0
4299197716 0 0 0
4299197729 0 0 0
4299197742 0 0 0
4299197755 0 0 0
4299197768 0 0 0
4299197782 0 0 0
4299197795 0 0 0
4299197808 398 0 0
4299197821 0 0 0
4299197834 0 0 0
4299197847 0 0 0
4299197860 0 0 0
4299197873 0 0 0
4299197886 0 0 0
4299197899 0 0 0
4299197912 0 0 0
4299197925 0 0 0
4299197938 0 0 0
4299197951 0 0 0
4299197964 0 0 0
4299197977 0 0 0
4299197990 0 0 0
4299198003 0 0 0
4299198016 0 0 0
4299198029 0 0 0
4299198042 0 0 0
4299198055 347 0 1
4299198068 0 0 0
4299198082 0 0 0
4299198095 0 0 0
4299198108 0 0 0
4299198121 0 0 0
4299198134 0 0 0
4299198147 0 0 0
4299198160 0 0 0
4299198173 0 0 0
4299198186 0 0 0
4299198199 0 0 0
4299198212 0 0 0
4299198225 0 0 0
4299198238 0 0 0
4299198251 0 0 0
4299198264 0 0 0
4299198277 0 0 0
4299198290 0 0 0
4299198303 249 0 0
4299198316 0 0 0
4299198329 0 0 0
4299198342 0 0 0
4299198355 0 0 0
4299198368 0 0 0
4299198381 0 0 0
4299198394 0 0 0
4299198407 0 0 0
4299198420 0 0 0
4299198433 0 0 0
4299198446 0 0 0
4299198459 0 0 0
4299198472 0 0 0
4299198485 0 0 0
4299198498 0 0 0
4299198511 0 0 0
4299198524 0 0 0
4299198537 0 0 0
4299198550 237 0 1
4299198563 0 0 0
4299198576 0 0 0
4299198589 0 0 0
4299198602 0 0 0
4299198615 0 0 0
4299198628 0 0 0
4299198641 0 0 0
4299198654 0 0 0
4299198667 0 0 0
4299198680 0 0 0
4299198693 0 0 0
4299198706 0 0 0
4299198719 0 0 0
4299198733 0 0 0
4299198746 0 0 0
4299198759 0 0 0
4299198772 0 0 0
4299198785 0 0 0
4299198798 0 0 0
read 386 profiled data
