4362871701 0 0 0
4362871714 0 0 0
4362871727 0 0 0
4362871740 0 0 0
4362871753 0 0 0
4362871766 0 0 0
4362871779 0 0 0
4362871792 0 0 0
4362871805 0 0 0
4362871818 0 0 0
4362871831 0 0 0
4362871844 0 0 0
4362871857 0 0 0
4362871870 0 0 0
4362871883 0 0 0
4362871896 0 0 0
4362871909 0 0 0
4362871922 0 0 0
4362871935 0 0 0
4362871948 0 0 0
4362871961 0 0 0
4362871974 0 0 0
4362871987 0 0 0
4362872000 0 0 0
4362872013 0 0 0
4362872026 0 0 0
4362872039 0 0 0
4362872052 0 0 0
4362872065 0 0 0
4362872078 0 0 0
4362872091 0 0 0
4362872104 0 0 0
4362872117 0 0 0
4362872130 0 0 0
4362872143 0 0 0
4362872156 0 0 0
4362872169 0 0 0
4362872182 0 0 0
4362872195 0 0 0
4362872208 0 0 0
4362872221 0 0 0
4362872234 0 0 0
4362872247 0 0 0
4362872260 0 0 0
4362872273 0 0 0
4362872286 0 0 0
4362872299 0 0 0
4362872312 0 0 0
4362872325 0 0 0
4362872338 0 0 0
4362872351 0 0 0
4362872364 0 0 0
4362872377 0 0 0
4362872390 0 0 0
4362872403 0 0 0
4362872416 0 0 0
4362872429 0 0 0
4362872442 0 0 0
4362872455 0 0 0
4362872468 0 0 0
4362872481 0 0 0
4362872494 0 0 0
4362872507 0 0 0
4362872520 0 0 0
4362872533 0 0 0
4362872546 0 0 0
4362872559 0 0 0
4362872572 0 0 0
4362872585 0 0 0
4362872598 0 0 0
4362872611 0 0 0
4362872624 0 0 0
4362872637 0 0 0
4362872650 0 0 0
4362872663 0 0 0
4362872676 0 0 0
4362872689 0 0 0
4362872702 0 0 0
4362872715 0 0 0
4362872728 0 0 0
4362872741 0 0 0
4362872754 0 0 0
4362872767 0 0 0
4362872780 0 0 0
4362872793 0 0 0
4362872806 0 0 0
4362872819 0 0 0
4362872832 0 0 0
4362872845 0 0 0
4362872858 0 0 0
4362872871 0 0 0
4362872884 0 0 0
4362872897 0 0 0
4362872910 0 0 0
4362872923 0 0 0
4362872936 0 0 0
4362872949 0 0 0
4362872962 0 0 0
4362872975 0 0 0
4362872988 0 0 0
4362873001 0 0 0
4362873014 0 0 0
4362873027 0 0 0
4362873040 0 0 0
4362873053 0 0 0
4362873066 0 0 0
4362873079 0 0 0
4362873092 0 0 0
4362873105 0 0 0
4362873118 0 0 0
4362873131 0 0 0
4362873144 0 0 0
4362873157 0 0 0
4362873170 0 0 0
4362873183 0 0 0
4362873196 0 0 0
4362873209 0 0 0
4362873222 0 0 0
4362873235 0 0 0
4362873248 0 0 0
4362873261 0 0 0
4362873274 0 0 0
4362873287 0 0 0
4362873300 0 0 0
4362873313 0 0 0
4362873326 0 0 0
4362873339 0 0 0
4362873352 0 0 0
4362873365 0 0 0
4362873378 0 0 0
4362873391 0 0 0
4362873404 0 0 0
4362873417 0 0 0
4362873430 0 0 0
4362873443 0 0 0
4362873456 0 0 0
4362873469 0 0 0
4362873482 0 0 0
4362873495 0 0 0
4362873508 0 0 0
4362873521 0 0 0
4362873534 0 0 0
4362873547 0 0 0
4362873560 0 0 0
4362873573 0 0 0
4362873586 0 0 0
4362873599 0 0 0
4362873612 0 0 0
4362873625 0 0 0
4362873638 0 0 0
4362873651 0 0 0
4362873664 0 0 0
4362873677 0 0 0
4362873690 0 0 0
4362873703 0 0 0
4362873716 0 0 0
4362873729 0 0 0
4362873742 0 0 0
4362873755 0 0 0
4362873768 0 0 0
4362873781 0 0 0
4362873794 0 0 0
4362873807 0 0 0
4362873820 0 0 0
4362873833 0 0 0
4362873846 0 0 0
4362873859 0 0 0
4362873872 0 0 0
4362873885 0 0 0
4362873898 0 0 0
4362873911 0 0 0
4362873924 0 0 0
4362873937 0 0 0
4362873950 0 0 0
4362873963 0 0 0
4362873976 0 0 0
4362873989 0 0 0
4362874002 0 0 0
4362874015 0 0 0
4362874028 0 0 0
4362874041 0 0 0
4362874054 0 0 0
4362874067 0 0 0
4362874080 0 0 0
4362874093 0 0 0
4362874106 0 0 0
4362874119 0 0 0
4362874132 0 0 0
4362874145 0 0 0
4362874158 0 0 0
4362874171 0 0 0
4362874184 0 0 0
4362874197 0 0 0
4362874210 0 0 0
4362874223 0 0 0
4362874236 0 0 0
4362874249 0 0 0
4362874262 0 0 0
4362874275 0 0 0
4362874288 0 0 0
4362874301 0 0 0
4362874314 0 0 0
4362874327 0 0 0
4362874340 0 0 0
4362874353 0 0 0
4362874366 0 0 0
4362874379 0 0 0
4362874392 0 0 0
4362874405 0 0 0
4362874418 0 0 0
4362874431 0 0 0
4362874444 0 0 0
4362874457 0 0 0
4362874470 0 0 0
4362874483 0 0 0
4362874496 0 0 0
4362874509 0 0 0
4362874522 0 0 0
4362874535 0 0 0
4362874548 0 0 0
4362874561 0 0 0
4362874574 0 0 0
4362874587 0 0 0
4362874600 0 0 0
4362874613 0 0 0
4362874626 0 0 0
4362874639 0 0 0
4362874652 0 0 0
4362874665 0 0 0
4362874678 0 0 0
4362874691 0 0 0
4362874704 0 0 0
4362874717 0 0 0
4362874730 0 0 0
4362874743 0 0 0
4362874756 0 0 0
4362874769 0 0 0
4362874782 0 0 0
4362874795 0 0 0
4362874808 0 0 0
4362874821 0 0 0
4362874834 0 0 0
4362874847 0 0 0
4362874860 0 0 0
4362874873 0 0 0
4362874886 0 0 0
4362874899 0 0 0
4362874912 0 0 0
4362874925 0 0 0
4362874938 0 0 0
4362874951 0 0 0
4362874964 0 0 0
4362874977 0 0 0
4362874990 0 0 0
4362875003 0 0 0
4362875016 0 0 0
4362875029 0 0 0
4362875042 0 0 0
4362875055 0 0 0
4362875068 0 0 0
4362875081 0 0 0
4362875094 0 0 0
4362875107 0 0 0
4362875120 0 0 0
4362875133 0 0 0
4362875146 0 0 0
4362875159 0 0 0
4362875172 0 0 0
4362875185 0 0 0
4362875198 0 0 0
4362875211 0 0 0
4362875224 0 0 0
4362875237 0 0 0
4362875250 0 0 0
4362875263 0 0 0
4362875276 0 0 0
4362875289 0 0 0
4362875302 0 0 0
4362875315 0 0 0
4362875328 0 0 0
4362875341 0 0 0
4362875354 0 0 0
4362875367 0 0 0
4362875380 0 0 0
4362875393 0 0 0
4362875406 0 0 0
4362875419 0 0 0
4362875432 0 0 0
4362875445 0 0 0
4362875458 0 0 0
4362875471 0 0 0
4362875484 0 0 0
4362875497 0 0 0
4362875510 0 0 0
4362875523 0 0 0
4362875536 0 0 0
4362875549 0 0 0
4362875562 0 0 0
4362875575 0 0 0
4362875588 0 0 0
4362875601 0 0 0
4362875614 0 0 0
4362875627 0 0 0
4362875640 0 0 0
4362875653 0 0 0
4362875666 0 0 0
4362875679 99894 0 46
4362875692 69784 0 24
4362875705 0 0 0
4362875718 0 0 0
4362875731 0 0 0
4362875744 0 0 0
4362875757 0 0 0
4362875770 0 0 0
4362875783 0 0 0
4362875796 0 0 0
4362875809 0 0 0
4362875822 0 0 0
4362875835 0 0 0
4362875848 0 0 0
4362875861 0 0 0
4362875874 0 0 0
4362875887 0 0 0
4362875900 0 0 0
4362875913 0 0 0
4362875926 4374 0 2
4362875939 88785 0 33
4362875952 40491 0 14
4362875965 0 0 0
4362875978 0 0 0
4362875991 0 0 0
4362876004 0 0 0
4362876017 0 0 0
4362876030 0 0 0
4362876043 0 0 0
4362876056 0 0 0
4362876069 0 0 0
4362876082 0 0 0
4362876095 0 0 0
4362876108 0 0 0
4362876121 0 0 0
4362876134 0 0 0
4362876147 0 0 0
4362876160 0 0 0
4362876173 0 0 0
4362876186 12094 0 5
4362876199 95119 0 36
4362876212 1633 0 0
4362876225 0 0 0
4362876238 0 0 0
4362876251 0 0 0
4362876264 0 0 0
4362876277 0 0 0
4362876290 0 0 0
4362876303 0 0 0
4362876316 0 0 0
4362876329 0 0 0
4362876342 0 0 0
4362876355 0 0 0
4362876368 0 0 0
4362876381 0 0 0
4362876394 0 0 0
4362876407 0 0 0
4362876420 0 0 0
4362876433 7398 0 3
4362876446 25364 0 12
4362876459 58228 0 22
4362876472 0 0 0
4362876485 0 0 0
4362876498 0 0 0
4362876511 0 0 0
4362876524 0 0 0
4362876537 0 0 0
4362876550 0 0 0
4362876563 0 0 0
4362876576 0 0 0
4362876589 0 0 0
4362876602 0 0 0
4362876615 0 0 0
4362876628 0 0 0
4362876641 0 0 0
4362876654 0 0 0
4362876667 0 0 0
4362876680 0 0 0
4362876693 10986 0 4
4362876706 62814 0 26
4362876719 0 0 0
4362876732 0 0 0
4362876745 0 0 0
4362876758 0 0 0
4362876771 0 0 0
4362876784 0 0 0
4362876797 0 0 0
4362876810 0 0 0
4362876823 0 0 0
4362876836 0 0 0
4362876849 0 0 0
4362876862 0 0 0
4362876875 0 0 0
4362876888 0 0 0
4362876901 0 0 0
4362876914 0 0 0
4362876927 0 0 0
4362876940 6876 0 4
4362876953 24066 0 9
4362876966 30942 0 14
4362876979 0 0 0
4362876992 0 0 0
4362877005 0 0 0
4362877018 0 0 0
4362877031 0 0 0
4362877044 0 0 0
4362877057 0 0 0
4362877070 0 0 0
4362877083 0 0 0
4362877096 0 0 0
4362877109 0 0 0
4362877122 0 0 0
4362877135 0 0 0
4362877148 0 0 0
4362877161 0 0 0
4362877174 0 0 0
4362877187 2807 0 1
4362877200 12950 0 5
4362877213 34769 0 16
4362877226 0 0 0
4362877239 0 0 0
4362877252 0 0 0
4362877265 0 0 0
4362877278 0 0 0
4362877291 0 0 0
4362877304 0 0 0
4362877317 0 0 0
4362877330 0 0 0
4362877343 0 0 0
4362877356 0 0 0
4362877369 0 0 0
4362877382 0 0 0
4362877395 0 0 0
4362877408 0 0 0
4362877421 0 0 0
4362877434 0 0 0
4362877447 6452 0 3
4362877460 22071 0 11
4362877473 13147 0 5
4362877486 0 0 0
4362877499 0 0 0
4362877512 0 0 0
4362877525 0 0 0
4362877538 0 0 0
4362877551 0 0 0
4362877564 0 0 0
4362877577 0 0 0
4362877590 0 0 0
4362877603 0 0 0
4362877616 0 0 0
4362877629 0 0 0
4362877642 0 0 0
4362877655 0 0 0
4362877668 0 0 0
4362877681 0 0 0
4362877694 3748 0 3
4362877707 13118 0 8
4362877720 16866 0 9
4362877733 0 0 0
4362877746 0 0 0
4362877759 0 0 0
4362877772 0 0 0
4362877785 0 0 0
4362877798 0 0 0
4362877811 0 0 0
4362877824 0 0 0
4362877837 0 0 0
4362877850 0 0 0
4362877863 0 0 0
4362877876 0 0 0
4362877889 0 0 0
4362877902 0 0 0
4362877915 0 0 0
4362877928 0 0 0
4362877942 3204 0 2
4362877955 6822 0 5
4362877968 18810 0 11
4362877981 0 0 0
4362877994 0 0 0
4362878007 0 0 0
4362878020 0 0 0
4362878033 0 0 0
4362878046 0 0 0
4362878059 0 0 0
4362878072 0 0 0
4362878085 0 0 0
4362878098 0 0 0
4362878111 0 0 0
4362878124 0 0 0
4362878137 0 0 0
4362878150 0 0 0
4362878163 0 0 0
4362878176 0 0 0
4362878189 0 0 0
4362878202 6062 0 3
4362878215 15616 0 8
4362878228 858 0 0
4362878241 0 0 0
4362878254 0 0 0
4362878267 0 0 0
4362878280 0 0 0
4362878293 0 0 0
4362878306 0 0 0
4362878319 0 0 0
4362878332 0 0 0
4362878345 0 0 0
4362878358 0 0 0
4362878371 0 0 0
4362878384 0 0 0
4362878397 0 0 0
4362878410 0 0 0
4362878423 0 0 0
4362878436 0 0 0
4362878449 1964 0 2
4362878462 7396 0 6
4362878475 8316 0 2
4362878488 0 0 0
4362878501 0 0 0
4362878514 0 0 0
4362878527 0 0 0
4362878540 0 0 0
4362878553 0 0 0
4362878566 0 0 0
4362878579 0 0 0
4362878592 0 0 0
4362878605 0 0 0
4362878618 0 0 0
4362878631 0 0 0
4362878644 0 0 0
4362878657 0 0 0
4362878670 0 0 0
4362878683 0 0 0
4362878696 1794 0 1
4362878709 6162 0 5
4362878722 8190 0 8
4362878735 0 0 0
4362878748 0 0 0
4362878761 0 0 0
4362878774 0 0 0
4362878787 0 0 0
4362878800 0 0 0
4362878813 0 0 0
4362878826 0 0 0
4362878839 0 0 0
4362878852 0 0 0
4362878865 0 0 0
4362878878 0 0 0
4362878891 0 0 0
4362878904 0 0 0
4362878917 0 0 0
4362878930 0 0 0
4362878943 721 0 0
4362878956 3445 0 3
4362878969 8812 0 5
4362878982 0 0 0
4362878995 0 0 0
4362879008 0 0 0
4362879021 0 0 0
4362879034 0 0 0
4362879047 0 0 0
4362879060 0 0 0
4362879073 0 0 0
4362879086 0 0 0
4362879099 0 0 0
4362879112 0 0 0
4362879125 0 0 0
4362879138 0 0 0
4362879151 0 0 0
4362879164 0 0 0
4362879177 0 0 0
4362879190 0 0 0
4362879203 1863 0 2
4362879216 6210 0 6
4362879229 3105 0 2
4362879242 0 0 0
4362879255 0 0 0
4362879268 0 0 0
4362879281 0 0 0
4362879294 0 0 0
4362879307 0 0 0
4362879320 0 0 0
4362879333 0 0 0
4362879346 0 0 0
4362879359 0 0 0
4362879372 0 0 0
4362879385 0 0 0
4362879398 0 0 0
4362879411 0 0 0
4362879424 0 0 0
4362879437 0 0 0
4362879450 962 0 1
4362879463 3367 0 2
4362879476 4329 0 5
4362879489 0 0 0
4362879502 0 0 0
4362879515 0 0 0
4362879528 0 0 0
4362879541 0 0 0
4362879554 0 0 0
4362879567 0 0 0
4362879580 0 0 0
4362879593 0 0 0
4362879606 0 0 0
4362879619 0 0 0
4362879632 0 0 0
4362879645 0 0 0
4362879658 0 0 0
4362879671 0 0 0
4362879684 0 0 0
4362879697 796 0 1
4362879710 2371 0 4
4362879723 3997 0 5
4362879736 0 0 0
4362879749 0 0 0
4362879762 0 0 0
4362879775 0 0 0
4362879788 0 0 0
4362879801 0 0 0
4362879814 0 0 0
4362879827 0 0 0
4362879840 0 0 0
4362879853 0 0 0
4362879866 0 0 0
4362879879 0 0 0
4362879892 0 0 0
4362879905 0 0 0
4362879918 0 0 0
4362879931 0 0 0
4362879944 0 0 0
4362879957 1735 0 1
4362879970 4511 0 5
4362879983 0 0 0
4362879996 0 0 0
4362880009 0 0 0
4362880022 0 0 0
4362880035 0 0 0
4362880048 0 0 0
4362880061 0 0 0
4362880074 0 0 0
4362880087 0 0 0
4362880100 0 0 0
4362880113 0 0 0
4362880126 0 0 0
4362880139 0 0 0
4362880152 0 0 0
4362880165 0 0 0
4362880178 0 0 0
4362880191 0 0 0
4362880204 595 0 2
4362880217 2393 0 5
4362880230 1494 0 3
4362880243 0 0 0
4362880256 0 0 0
4362880269 0 0 0
4362880282 0 0 0
4362880295 0 0 0
4362880308 0 0 0
4362880321 0 0 0
4362880334 0 0 0
4362880347 0 0 0
4362880360 0 0 0
4362880373 0 0 0
4362880386 0 0 0
4362880399 0 0 0
4362880412 0 0 0
4362880425 0 0 0
4362880438 0 0 0
4362880451 474 0 1
4362880464 1659 0 2
4362880477 2133 0 2
4362880490 0 0 0
4362880503 0 0 0
4362880516 0 0 0
4362880529 0 0 0
4362880542 0 0 0
4362880555 0 0 0
4362880568 0 0 0
4362880581 0 0 0
4362880594 0 0 0
4362880607 0 0 0
4362880620 0 0 0
4362880633 0 0 0
4362880646 0 0 0
4362880659 0 0 0
4362880672 0 0 0
4362880685 0 0 0
4362880698 0 0 4
4362880711 0 0 5
4362880724 1 0 31
4362880737 0 0 0
4362880750 0 0 0
4362880763 0 0 0
4362880776 0 0 0
4362880789 0 0 0
4362880802 0 0 0
4362880815 0 0 0
4362880828 0 0 0
4362880841 0 0 0
4362880854 0 0 0
4362880867 0 0 0
4362880880 0 0 0
4362880893 0 0 0
4362880906 0 0 0
4362880919 0 0 0
4362880932 0 0 0
4362880945 0 0 0
4362880958 0 0 0
4362880971 0 0 0
4362880984 0 0 0
4362880997 0 0 0
4362881010 0 0 0
4362881023 0 0 0
4362881036 0 0 0
4362881049 0 0 0
4362881062 0 0 0
4362881075 0 0 0
4362881088 0 0 0
4362881101 0 0 0
4362881115 0 0 0
4362881128 0 0 0
4362881141 0 0 0
4362881154 0 0 0
4362881167 0 0 0
4362881180 0 0 0
4362881193 0 0 0
4362881206 0 0 0
4362881219 0 0 0
4362881232 0 0 0
4362881245 0 0 0
4362881258 0 0 0
4362881271 0 0 0
4362881284 0 0 0
4362881297 0 0 0
4362881310 0 0 0
4362881323 0 0 0
4362881336 0 0 0
4362881349 0 0 0
4362881362 0 0 0
4362881375 0 0 0
4362881388 0 0 0
4362881401 0 0 0
4362881414 0 0 0
4362881427 0 0 0
4362881440 0 0 0
4362881453 0 0 0
4362881466 0 0 0
4362881479 0 0 0
4362881492 0 0 0
4362881505 0 0 0
4362881518 0 0 0
4362881531 0 0 0
4362881544 0 0 0
4362881557 0 0 0
4362881570 0 0 0
4362881583 0 0 0
4362881596 0 0 0
4362881609 0 0 0
4362881622 0 0 0
4362881635 0 0 0
4362881648 0 0 0
4362881661 0 0 0
4362881674 0 0 0
4362881687 0 0 0
4362881700 0 0 0
4362881713 0 0 0
4362881726 0 0 0
4362881739 0 0 0
4362881752 0 0 0
4362881765 0 0 0
4362881778 0 0 0
4362881791 0 0 0
4362881804 0 0 0
4362881817 0 0 0
4362881830 0 0 0
4362881843 0 0 0
4362881856 0 0 0
4362881869 0 0 0
4362881882 0 0 0
4362881895 0 0 0
4362881908 0 0 0
4362881921 0 0 0
4362881934 0 0 0
4362881947 0 0 0
4362881960 0 0 0
4362881973 0 0 0
4362881986 0 0 0
4362881999 0 0 0
4362882012 0 0 0
4362882025 0 0 0
4362882038 0 0 0
4362882051 0 0 0
4362882064 0 0 0
4362882077 0 0 0
4362882090 0 0 0
4362882103 0 0 0
4362882116 0 0 0
4362882129 0 0 0
4362882142 0 0 0
4362882155 0 0 0
4362882168 0 0 0
4362882181 0 0 0
4362882194 0 0 0
4362882207 0 0 0
4362882220 0 0 0
4362882233 0 0 0
4362882246 0 0 0
4362882259 0 0 0
4362882272 0 0 0
4362882285 0 0 0
4362882298 0 0 0
4362882311 0 0 0
4362882324 0 0 0
4362882337 0 0 0
4362882350 0 0 0
4362882363 0 0 0
4362882376 0 0 0
4362882389 0 0 0
4362882402 0 0 0
4362882415 0 0 0
4362882428 0 0 0
4362882441 0 0 0
4362882454 0 0 0
4362882467 0 0 0
4362882480 0 0 0
4362882493 0 0 0
4362882506 0 0 0
4362882519 0 0 0
4362882532 0 0 0
4362882545 0 0 0
4362882558 0 0 0
4362882571 0 0 0
4362882584 0 0 0
4362882597 0 0 0
4362882610 0 0 0
4362882623 0 0 0
4362882636 0 0 0
4362882649 0 0 0
4362882662 0 0 0
4362882675 0 0 0
4362882688 0 0 0
4362882701 0 0 0
4362882714 0 0 0
4362882727 0 0 0
4362882740 0 0 0
4362882753 0 0 0
4362882766 0 0 0
4362882779 0 0 0
4362882792 0 0 0
4362882805 0 0 0
4362882818 0 0 0
4362882831 0 0 0
4362882844 0 0 0
4362882857 0 0 0
4362882870 0 0 0
4362882883 0 0 0
4362882896 0 0 0
4362882909 0 0 0
4362882922 0 0 0
4362882935 0 0 0
4362882948 0 0 0
4362882961 0 0 0
4362882974 0 0 0
4362882987 0 0 0
4362883000 0 0 0
4362883013 0 0 0
4362883026 0 0 0
4362883039 0 0 0
4362883052 0 0 0
4362883065 0 0 0
4362883078 0 0 0
4362883091 0 0 0
4362883104 0 0 0
4362883117 0 0 0
4362883130 0 0 0
4362883143 0 0 0
4362883156 0 0 0
4362883169 0 0 0
4362883182 0 0 0
4362883195 0 0 0
4362883208 0 0 0
4362883221 0 0 0
4362883234 0 0 0
4362883247 0 0 0
4362883260 0 0 0
4362883273 0 0 0
4362883286 0 0 0
4362883299 0 0 0
4362883312 0 0 0
4362883325 0 0 0
4362883338 0 0 0
4362883351 0 0 0
4362883364 0 0 0
4362883377 0 0 0
4362883390 0 0 0
4362883403 0 0 0
4362883416 0 0 0
4362883429 0 0 0
4362883442 0 0 0
4362883455 0 0 0
4362883468 0 0 0
4362883481 0 0 0
4362883494 0 0 0
4362883507 0 0 0
4362883520 0 0 0
4362883533 0 0 0
4362883546 0 0 0
4362883559 0 0 0
4362883572 0 0 0
4362883585 0 0 0
4362883598 0 0 0
4362883611 0 0 0
4362883624 0 0 0
4362883637 0 0 0
4362883650 0 0 0
4362883663 0 0 0
4362883676 0 0 0
4362883689 0 0 0
4362883702 0 0 0
4362883715 0 0 0
4362883728 0 0 0
4362883741 0 0 0
4362883754 0 0 0
4362883767 0 0 0
4362883780 0 0 0
4362883793 0 0 0
4362883806 0 0 0
4362883819 0 0 0
4362883832 0 0 0
4362883845 0 0 0
4362883858 0 0 0
4362883871 0 0 0
4362883884 0 0 0
4362883897 0 0 0
4362883910 0 0 0
4362883923 0 0 0
4362883936 0 0 0
4362883949 0 0 0
4362883962 0 0 0
4362883975 0 0 0
4362883988 0 0 0
4362884001 0 0 0
4362884014 0 0 0
4362884027 0 0 0
4362884040 0 0 0
4362884053 0 0 0
4362884066 0 0 0
4362884079 0 0 0
4362884092 0 0 0
4362884105 0 0 0
4362884118 0 0 0
4362884131 0 0 0
4362884144 0 0 0
4362884157 0 0 0
4362884170 0 0 0
4362884183 0 0 0
4362884196 0 0 0
4362884209 0 0 0
4362884222 0 0 0
4362884235 0 0 0
4362884248 0 0 0
4362884261 0 0 0
4362884274 0 0 0
4362884287 0 0 0
4362884300 0 0 0
4362884313 0 0 0
4362884326 0 0 0
4362884339 0 0 0
4362884352 0 0 0
4362884365 0 0 0
4362884378 0 0 0
4362884391 0 0 0
4362884404 0 0 0
4362884417 0 0 0
4362884430 0 0 0
4362884443 0 0 0
4362884456 0 0 0
4362884469 0 0 0
4362884482 0 0 0
4362884495 0 0 0
4362884508 0 0 0
4362884521 0 0 0
4362884534 0 0 0
4362884547 0 0 0
4362884560 0 0 0
4362884573 0 0 0
4362884586 0 0 0
4362884599 0 0 0
4362884612 0 0 0
4362884625 0 0 0
4362884638 0 0 0
4362884651 0 0 0
4362884664 0 0 0
4362884677 0 0 0
4362884690 0 0 0
4362884703 0 0 0
4362884716 0 0 0
4362884729 0 0 0
4362884742 0 0 0
4362884755 0 0 0
4362884768 0 0 0
4362884781 0 0 0
4362884794 0 0 0
4362884807 0 0 0
4362884820 0 0 0
4362884833 0 0 0
4362884846 0 0 0
4362884859 0 0 0
4362884872 0 0 0
4362884885 0 0 0
4362884898 0 0 0
4362884911 0 0 0
4362884924 0 0 0
4362884937 0 0 0
4362884950 0 0 0
4362884963 0 0 0
4362884976 0 0 0
4362884989 0 0 0
4362885002 0 0 0
4362885015 0 0 0
4362885028 0 0 0
4362885041 0 0 0
4362885054 0 0 0
4362885067 0 0 0
4362885080 0 0 0
4362885093 0 0 0
4362885106 0 0 0
4362885119 0 0 0
4362885132 0 0 0
4362885145 0 0 0
4362885158 0 0 0
4362885171 0 0 0
4362885184 0 0 0
4362885197 0 0 0
4362885210 0 0 0
4362885223 0 0 0
4362885236 0 0 0
4362885249 0 0 0
4362885262 0 0 0
4362885275 0 0 0
4362885288 0 0 0
4362885301 0 0 0
4362885314 0 0 0
4362885327 0 0 0
4362885340 0 0 0
4362885353 0 0 0
4362885366 0 0 0
4362885379 0 0 0
4362885392 0 0 0
4362885405 0 0 0
4362885418 0 0 0
4362885431 0 0 0
4362885444 0 0 0
4362885457 0 0 0
4362885470 0 0 0
4362885483 0 0 0
4362885496 0 0 0
4362885509 0 0 0
4362885522 0 0 0
4362885535 0 0 0
4362885548 0 0 0
4362885561 0 0 0
4362885574 0 0 0
4362885587 0 0 0
4362885600 0 0 0
4362885613 0 0 0
4362885626 0 0 0
4362885639 0 0 0
4362885652 0 0 0
4362885665 0 0 0
4362885678 0 0 0
4362885691 0 0 0
4362885704 0 0 0
4362885717 0 0 0
4362885730 0 0 0
4362885743 0 0 0
4362885756 0 0 0
4362885769 0 0 0
4362885782 0 0 0
4362885795 0 0 0
4362885808 0 0 0
4362885821 0 0 0
4362885834 0 0 0
4362885847 0 0 0
4362885860 0 0 0
4362885873 0 0 0
4362885886 0 0 0
4362885899 0 0 0
4362885912 0 0 0
4362885925 0 0 0
4362885938 0 0 0
4362885951 0 0 0
4362885964 0 0 0
4362885977 0 0 0
4362885990 0 0 0
4362886003 0 0 0
4362886016 0 0 0
4362886029 0 0 0
4362886042 0 0 0
4362886055 0 0 0
4362886068 0 0 0
4362886081 0 0 0
4362886094 0 0 0
4362886107 0 0 0
4362886120 0 0 0
4362886133 0 0 0
4362886146 0 0 0
4362886159 0 0 0
4362886172 0 0 0
4362886185 0 0 0
4362886198 0 0 0
4362886211 0 0 0
4362886224 0 0 0
4362886237 0 0 0
4362886250 0 0 0
4362886263 0 0 0
4362886276 0 0 0
4362886289 0 0 0
4362886302 0 0 0
4362886315 0 0 0
4362886328 0 0 0
4362886341 0 0 0
4362886354 0 0 0
4362886367 0 0 0
4362886380 0 0 0
4362886393 0 0 0
4362886406 0 0 0
4362886419 0 0 0
4362886432 0 0 0
4362886445 0 0 0
4362886458 0 0 0
4362886471 0 0 0
4362886484 0 0 0
4362886497 0 0 0
4362886510 0 0 0
4362886523 0 0 0
4362886536 0 0 0
4362886549 0 0 0
4362886562 0 0 0
4362886575 0 0 0
4362886588 0 0 0
4362886601 0 0 0
4362886614 0 0 0
4362886627 0 0 0
4362886640 0 0 0
4362886653 0 0 0
4362886666 0 0 0
4362886679 0 0 0
4362886692 0 0 0
4362886705 0 0 0
4362886718 0 0 0
4362886731 0 0 0
4362886744 0 0 0
4362886757 0 0 0
4362886770 0 0 0
4362886783 0 0 0
4362886796 0 0 0
4362886809 0 0 0
4362886822 0 0 0
4362886835 0 0 0
4362886848 0 0 0
4362886861 0 0 0
4362886874 0 0 0
4362886887 0 0 0
4362886900 0 0 0
4362886913 0 0 0
4362886926 0 0 0
4362886939 0 0 0
4362886952 0 0 0
4362886965 0 0 0
4362886978 0 0 0
4362886991 0 0 0
4362887004 0 0 0
4362887017 0 0 0
4362887030 0 0 0
4362887043 0 0 0
4362887056 0 0 0
4362887069 0 0 0
4362887082 0 0 0
4362887095 0 0 0
4362887108 0 0 0
4362887121 0 0 0
4362887134 0 0 0
4362887147 0 0 0
4362887160 0 0 0
4362887173 0 0 0
4362887186 0 0 0
4362887199 0 0 0
4362887212 0 0 0
4362887225 0 0 0
4362887238 0 0 0
4362887251 0 0 0
4362887264 0 0 0
4362887277 0 0 0
4362887290 0 0 0
4362887303 0 0 0
4362887316 0 0 0
4362887329 0 0 0
4362887342 0 0 0
4362887355 0 0 0
4362887368 0 0 0
4362887381 0 0 0
4362887394 0 0 0
4362887407 0 0 0
4362887420 0 0 0
4362887433 0 0 0
4362887446 0 0 0
4362887459 0 0 0
4362887472 0 0 0
4362887485 0 0 0
4362887498 0 0 0
4362887511 0 0 0
4362887524 0 0 0
4362887537 0 0 0
4362887550 0 0 0
4362887563 0 0 0
4362887576 0 0 0
4362887589 0 0 0
4362887602 0 0 0
4362887615 0 0 0
4362887628 0 0 0
4362887641 0 0 0
4362887654 0 0 0
4362887667 0 0 0
4362887680 0 0 0
4362887693 0 0 0
4362887706 0 0 0
4362887719 0 0 0
4362887732 0 0 0
4362887745 0 0 0
4362887758 0 0 0
4362887771 0 0 0
4362887784 0 0 0
4362887797 0 0 0
4362887810 0 0 0
4362887823 0 0 0
4362887836 0 0 0
4362887849 0 0 0
4362887862 0 0 0
4362887875 0 0 0
4362887888 0 0 0
4362887901 0 0 0
4362887914 0 0 0
4362887927 0 0 0
4362887940 0 0 0
4362887953 0 0 0
4362887966 0 0 0
4362887979 0 0 0
4362887992 0 0 0
4362888005 0 0 0
4362888018 0 0 0
4362888031 0 0 0
4362888044 0 0 0
4362888057 0 0 0
4362888070 0 0 0
4362888083 0 0 0
4362888096 0 0 0
4362888109 0 0 0
4362888122 0 0 0
4362888135 0 0 0
4362888148 0 0 0
4362888161 0 0 0
4362888174 0 0 0
4362888187 0 0 0
4362888200 0 0 0
4362888213 0 0 0
4362888226 0 0 0
4362888239 0 0 0
4362888252 0 0 0
4362888265 0 0 0
4362888278 0 0 0
4362888291 0 0 0
4362888304 0 0 0
4362888317 0 0 0
4362888330 0 0 0
4362888343 0 0 0
4362888356 0 0 0
4362888369 0 0 0
4362888382 0 0 0
4362888395 0 0 0
4362888408 0 0 0
4362888421 0 0 0
4362888434 0 0 0
4362888447 0 0 0
4362888460 0 0 0
4362888473 0 0 0
4362888486 0 0 0
4362888499 0 0 0
4362888512 0 0 0
4362888525 0 0 0
4362888538 0 0 0
4362888551 0 0 0
4362888564 0 0 0
4362888577 0 0 0
4362888590 0 0 0
4362888603 0 0 0
4362888616 0 0 0
4362888629 0 0 0
4362888642 0 0 0
4362888655 0 0 0
4362888668 0 0 0
4362888681 0 0 0
4362888694 0 0 0
4362888707 0 0 0
4362888720 0 0 0
4362888733 0 0 0
4362888746 0 0 0
4362888759 0 0 0
4362888772 0 0 0
4362888785 0 0 0
4362888798 0 0 0
4362888811 0 0 0
4362888824 0 0 0
4362888837 0 0 0
4362888850 0 0 0
4362888863 0 0 0
4362888876 0 0 0
4362888889 0 0 0
4362888902 0 0 0
4362888915 0 0 0
4362888928 0 0 0
4362888941 0 0 0
4362888954 0 0 0
4362888967 0 0 0
4362888980 0 0 0
4362888993 0 0 0
4362889006 0 0 0
4362889019 0 0 0
4362889032 0 0 0
4362889045 0 0 0
4362889058 0 0 0
4362889071 0 0 0
4362889084 0 0 0
4362889097 0 0 0
4362889110 0 0 0
4362889123 0 0 0
4362889136 0 0 0
4362889149 0 0 0
4362889162 0 0 0
4362889175 0 0 0
4362889188 0 0 0
4362889201 0 0 0
4362889214 0 0 0
4362889227 0 0 0
4362889240 0 0 0
4362889253 0 0 0
4362889266 0 0 0
4362889279 0 0 0
4362889292 0 0 0
4362889305 0 0 0
4362889318 0 0 0
4362889331 0 0 0
4362889344 0 0 0
4362889357 0 0 0
4362889370 0 0 0
4362889383 0 0 0
4362889396 0 0 0
4362889409 0 0 0
4362889422 0 0 0
4362889435 0 0 0
4362889448 0 0 0
4362889461 0 0 0
4362889474 0 0 0
4362889487 0 0 0
4362889500 0 0 0
4362889513 0 0 0
4362889526 0 0 0
4362889539 0 0 0
4362889552 0 0 0
4362889565 0 0 0
4362889578 0 0 0
4362889591 0 0 0
4362889604 0 0 0
4362889617 0 0 0
4362889630 0 0 0
4362889643 0 0 0
4362889656 0 0 0
4362889669 0 0 0
4362889682 0 0 0
4362889695 0 0 0
4362889708 0 0 0
4362889721 0 0 0
4362889734 0 0 0
4362889747 0 0 0
4362889760 0 0 0
4362889773 0 0 0
4362889786 0 0 0
4362889799 0 0 0
4362889812 0 0 0
4362889825 0 0 0
4362889838 0 0 0
4362889851 0 0 0
4362889864 0 0 0
4362889877 0 0 0
4362889890 0 0 0
4362889903 0 0 0
4362889916 0 0 0
4362889929 0 0 0
4362889942 0 0 0
4362889955 0 0 0
4362889968 0 0 0
4362889981 0 0 0
4362889994 0 0 0
4362890007 0 0 0
4362890020 0 0 0
4362890033 0 0 0
4362890046 0 0 0
4362890059 0 0 0
4362890072 0 0 0
4362890085 0 0 0
4362890098 0 0 0
4362890111 0 0 0
4362890124 0 0 0
4362890137 0 0 0
4362890150 0 0 0
4362890163 0 0 0
4362890176 0 0 0
4362890189 0 0 0
4362890202 0 0 0
4362890215 0 0 0
4362890228 0 0 0
4362890241 0 0 0
4362890254 0 0 0
4362890267 0 0 0
4362890280 0 0 0
4362890293 0 0 0
4362890306 0 0 0
4362890319 0 0 0
4362890332 0 0 0
4362890345 0 0 0
4362890358 0 0 0
4362890371 0 0 0
4362890384 0 0 0
4362890397 0 0 0
4362890410 0 0 0
4362890423 0 0 0
4362890436 0 0 0
4362890449 0 0 0
4362890462 0 0 0
4362890475 0 0 0
4362890488 0 0 0
4362890501 0 0 0
4362890514 0 0 0
4362890527 0 0 0
4362890540 0 0 0
4362890553 0 0 0
read 1451 profiled data
