4362074163 29501 0 11
4362074176 0 0 0
4362074189 0 0 0
4362074202 0 0 0
4362074215 0 0 0
4362074228 0 0 0
4362074241 0 0 0
4362074254 0 0 0
4362074267 0 0 0
4362074280 0 0 0
4362074293 0 0 0
4362074306 0 0 0
4362074319 0 0 0
4362074332 0 0 0
4362074345 0 0 0
4362074358 0 0 0
4362074371 0 0 0
4362074384 0 0 0
4362074397 5472 0 4
4362074410 54998 0 22
4362074423 0 0 0
4362074436 0 0 0
4362074449 0 0 0
4362074462 0 0 0
4362074475 0 0 0
4362074488 0 0 0
4362074501 0 0 0
4362074514 0 0 0
4362074527 0 0 0
4362074540 0 0 0
4362074553 0 0 0
4362074566 0 0 0
4362074579 0 0 0
4362074592 0 0 0
4362074605 0 0 0
4362074618 0 0 0
4362074631 0 0 0
4362074644 0 0 0
4362074657 35089 0 16
4362074670 15461 0 6
4362074683 0 0 0
4362074696 0 0 0
4362074709 0 0 0
4362074722 0 0 0
4362074735 0 0 0
4362074748 0 0 0
4362074761 0 0 0
4362074774 0 0 0
4362074787 0 0 0
4362074800 0 0 0
4362074813 0 0 0
4362074826 0 0 0
4362074839 0 0 0
4362074852 0 0 0
4362074865 0 0 0
4362074878 0 0 0
4362074891 0 0 0
4362074904 10250 0 5
4362074917 30750 0 14
4362074930 0 0 0
4362074943 0 0 0
4362074956 0 0 0
4362074969 0 0 0
4362074982 0 0 0
4362074995 0 0 0
4362075008 0 0 0
4362075021 0 0 0
4362075034 0 0 0
4362075047 0 0 0
4362075060 0 0 0
4362075073 0 0 0
4362075086 0 0 0
4362075099 0 0 0
4362075112 0 0 0
4362075125 0 0 0
4362075138 0 0 0
4362075151 0 0 0
4362075164 34211 0 14
4362075177 169 0 0
4362075190 0 0 0
4362075203 0 0 0
4362075216 0 0 0
4362075229 0 0 0
4362075242 0 0 0
4362075255 0 0 0
4362075268 0 0 0
4362075281 0 0 0
4362075294 0 0 0
4362075307 0 0 0
4362075320 0 0 0
4362075333 0 0 0
4362075346 0 0 0
4362075359 0 0 0
4362075372 0 0 0
4362075385 0 0 0
4362075398 0 0 0
4362075411 16077 0 11
4362075424 11993 0 4
4362075437 0 0 0
4362075450 0 0 0
4362075463 0 0 0
4362075476 0 0 0
4362075489 0 0 0
4362075502 0 0 0
4362075515 0 0 0
4362075528 0 0 0
4362075541 0 0 0
4362075554 0 0 0
4362075567 0 0 0
4362075580 0 0 0
4362075593 0 0 0
4362075606 0 0 0
4362075619 0 0 0
4362075632 0 0 0
4362075645 0 0 0
4362075658 5436 0 3
4362075671 17714 0 8
4362075684 0 0 0
4362075697 0 0 0
4362075710 0 0 0
4362075723 0 0 0
4362075736 0 0 0
4362075749 0 0 0
4362075762 0 0 0
4362075775 0 0 0
4362075788 0 0 0
4362075801 0 0 0
4362075814 0 0 0
4362075827 0 0 0
4362075840 0 0 0
4362075853 0 0 0
4362075866 0 0 0
4362075879 0 0 0
4362075892 0 0 0
4362075905 0 0 0
4362075918 18740 0 10
4362075931 0 0 0
4362075944 0 0 0
4362075957 0 0 0
4362075970 0 0 0
4362075983 0 0 0
4362075996 0 0 0
4362076009 0 0 0
4362076022 0 0 0
4362076035 0 0 0
4362076048 0 0 0
4362076061 0 0 0
4362076074 0 0 0
4362076087 0 0 0
4362076100 0 0 0
4362076113 0 0 0
4362076126 0 0 0
4362076139 0 0 0
4362076152 0 0 0
4362076165 11214 0 6
4362076178 4806 0 3
4362076191 0 0 0
4362076204 0 0 0
4362076217 0 0 0
4362076230 0 0 0
4362076243 0 0 0
4362076256 0 0 0
4362076269 0 0 0
4362076282 0 0 0
4362076295 0 0 0
4362076308 0 0 0
4362076321 0 0 0
4362076334 0 0 0
4362076347 0 0 0
4362076360 0 0 0
4362076373 0 0 0
4362076386 0 0 0
4362076399 0 0 0
4362076412 3756 0 3
4362076425 8764 0 5
4362076438 0 0 0
4362076451 0 0 0
4362076464 0 0 0
4362076477 0 0 0
4362076490 0 0 0
4362076503 0 0 0
4362076516 0 0 0
4362076529 0 0 0
4362076542 0 0 0
4362076555 0 0 0
4362076568 0 0 0
4362076581 0 0 0
4362076594 0 0 0
4362076607 0 0 0
4362076620 0 0 0
4362076633 0 0 0
4362076646 0 0 0
4362076659 0 0 0
4362076672 9820 0 6
4362076685 0 0 0
4362076698 0 0 0
4362076711 0 0 0
4362076724 0 0 0
4362076737 0 0 0
4362076750 0 0 0
4362076763 0 0 0
4362076776 0 0 0
4362076789 0 0 0
4362076802 0 0 0
4362076815 0 0 0
4362076828 0 0 0
4362076841 0 0 0
4362076854 0 0 0
4362076867 0 0 0
4362076880 0 0 0
4362076893 0 0 0
4362076906 0 0 0
4362076919 6789 0 7
4362076932 2181 0 1
4362076945 0 0 0
4362076958 0 0 0
4362076971 0 0 0
4362076984 0 0 0
4362076997 0 0 0
4362077010 0 0 0
4362077023 0 0 0
4362077036 0 0 0
4362077049 0 0 0
4362077062 0 0 0
4362077075 0 0 0
4362077088 0 0 0
4362077101 0 0 0
4362077114 0 0 0
4362077127 0 0 0
4362077140 0 0 0
4362077153 0 0 0
4362077166 3605 0 4
4362077179 3605 0 2
4362077192 0 0 0
4362077205 0 0 0
4362077218 0 0 0
4362077231 0 0 0
4362077244 0 0 0
4362077257 0 0 0
4362077270 0 0 0
4362077283 0 0 0
4362077296 0 0 0
4362077309 0 0 0
4362077322 0 0 0
4362077335 0 0 0
4362077348 0 0 0
4362077361 0 0 0
4362077374 0 0 0
4362077387 0 0 0
4362077400 0 0 0
4362077413 1242 0 0
4362077426 4968 0 5
4362077439 0 0 0
4362077452 0 0 0
4362077465 0 0 0
4362077478 0 0 0
4362077491 0 0 0
4362077504 0 0 0
4362077517 0 0 0
4362077530 0 0 0
4362077543 0 0 0
4362077556 0 0 0
4362077569 0 0 0
4362077582 0 0 0
4362077595 0 0 0
4362077608 0 0 0
4362077621 0 0 0
4362077634 0 0 0
4362077647 0 0 0
4362077660 0 0 0
4362077673 4810 0 5
4362077686 0 0 0
4362077699 0 0 0
4362077712 0 0 0
4362077725 0 0 0
4362077738 0 0 0
4362077751 0 0 0
4362077764 0 0 0
4362077777 0 0 0
4362077790 0 0 0
4362077803 0 0 0
4362077816 0 0 0
4362077829 0 0 0
4362077842 0 0 0
4362077855 0 0 0
4362077868 0 0 0
4362077881 0 0 0
4362077894 0 0 0
4362077907 0 0 0
4362077920 2786 0 3
4362077933 1194 0 2
4362077946 0 0 0
4362077959 0 0 0
4362077972 0 0 0
4362077985 0 0 0
4362077998 0 0 0
4362078011 0 0 0
4362078024 0 0 0
4362078037 0 0 0
4362078050 0 0 0
4362078063 0 0 0
4362078076 0 0 0
4362078089 0 0 0
4362078102 0 0 0
4362078115 0 0 0
4362078128 0 0 0
4362078141 0 0 0
4362078154 0 0 0
4362078167 1205 0 3
4362078180 2265 0 2
4362078193 0 0 0
4362078206 0 0 0
4362078219 0 0 0
4362078232 0 0 0
4362078245 0 0 0
4362078258 0 0 0
4362078271 0 0 0
4362078284 0 0 0
4362078297 0 0 0
4362078310 0 0 0
4362078323 0 0 0
4362078336 0 0 0
4362078349 0 0 0
4362078362 0 0 0
4362078375 0 0 0
4362078388 0 0 0
4362078401 0 0 0
4362078414 498 0 0
4362078427 1992 0 4
4362078440 0 0 0
4362078453 0 0 0
4362078466 0 0 0
4362078479 0 0 0
4362078492 0 0 0
4362078505 0 0 0
4362078518 0 0 0
4362078531 0 0 0
4362078544 0 0 0
4362078557 0 0 0
4362078570 0 0 0
4362078583 0 0 0
4362078596 0 0 0
4362078609 0 0 0
4362078622 0 0 0
4362078635 0 0 0
4362078648 0 0 0
4362078661 0 0 0
4362078674 2370 0 4
4362078687 0 0 0
4362078700 0 0 0
4362078713 0 0 0
4362078726 0 0 0
4362078739 0 0 0
4362078752 0 0 0
4362078765 0 0 0
4362078778 0 0 0
4362078791 0 0 0
4362078804 0 0 0
4362078817 0 0 0
4362078830 0 0 0
4362078843 0 0 0
4362078856 0 0 0
4362078869 0 0 0
4362078882 0 0 0
4362078895 0 0 0
4362078908 0 0 0
4362078922 1 0 15
4362078935 0 0 0
4362078948 0 0 0
4362078961 0 0 0
4362078974 0 0 0
4362078987 0 0 0
4362079000 0 0 0
4362079013 0 0 0
4362079026 0 0 0
4362079039 0 0 0
4362079052 0 0 0
4362079065 0 0 0
4362079078 0 0 0
4362079091 0 0 0
4362079104 0 0 0
4362079117 0 0 0
4362079130 0 0 0
4362079143 0 0 0
4362079156 0 0 0
4362079169 0 0 0
4362079182 0 0 0
4362079195 0 0 0
4362079208 0 0 0
4362079221 0 0 0
4362079234 0 0 0
4362079247 0 0 0
4362079260 0 0 0
4362079273 0 0 0
4362079286 0 0 0
4362079299 0 0 0
4362079312 0 0 0
4362079325 0 0 0
4362079338 0 0 0
4362079351 0 0 0
4362079364 0 0 0
4362079377 0 0 0
4362079390 0 0 0
4362079403 0 0 0
4362079416 0 0 0
4362079429 0 0 0
4362079442 0 0 0
4362079455 0 0 0
4362079468 0 0 0
4362079481 0 0 0
4362079494 0 0 0
4362079507 0 0 0
4362079520 0 0 0
4362079533 0 0 0
4362079546 0 0 0
4362079559 0 0 0
4362079572 0 0 0
4362079585 0 0 0
4362079598 0 0 0
4362079611 0 0 0
4362079624 0 0 0
4362079637 0 0 0
4362079650 0 0 0
4362079663 0 0 0
4362079676 0 0 0
4362079689 0 0 0
4362079702 0 0 0
4362079715 0 0 0
4362079728 0 0 0
4362079741 0 0 0
4362079754 0 0 0
4362079767 0 0 0
4362079780 0 0 0
4362079793 0 0 0
4362079806 0 0 0
4362079819 0 0 0
4362079832 0 0 0
4362079845 0 0 0
4362079858 0 0 0
4362079871 0 0 0
4362079884 0 0 0
4362079897 0 0 0
4362079910 0 0 0
4362079923 0 0 0
4362079936 0 0 0
4362079949 0 0 0
4362079962 0 0 0
4362079975 0 0 0
4362079988 0 0 0
4362080001 0 0 0
4362080014 0 0 0
4362080027 0 0 0
4362080040 0 0 0
4362080053 0 0 0
4362080066 0 0 0
4362080079 0 0 0
4362080092 0 0 0
4362080105 0 0 0
4362080118 0 0 0
4362080131 0 0 0
4362080144 0 0 0
4362080157 0 0 0
4362080170 0 0 0
4362080183 0 0 0
4362080196 0 0 0
4362080209 0 0 0
4362080222 0 0 0
4362080235 0 0 0
4362080248 0 0 0
4362080261 0 0 0
4362080274 0 0 0
4362080287 0 0 0
4362080300 0 0 0
4362080313 0 0 0
4362080326 0 0 0
4362080339 0 0 0
4362080352 0 0 0
4362080365 0 0 0
4362080378 0 0 0
4362080391 0 0 0
4362080404 0 0 0
4362080417 0 0 0
4362080430 0 0 0
4362080443 0 0 0
4362080456 0 0 0
4362080469 0 0 0
4362080482 0 0 0
4362080495 0 0 0
4362080508 0 0 0
4362080521 0 0 0
4362080534 0 0 0
4362080547 0 0 0
4362080560 0 0 0
4362080573 0 0 0
4362080586 0 0 0
4362080599 0 0 0
4362080612 0 0 0
4362080625 0 0 0
4362080638 0 0 0
4362080651 0 0 0
4362080664 0 0 0
4362080677 0 0 0
4362080690 0 0 0
4362080703 0 0 0
4362080716 0 0 0
4362080729 0 0 0
4362080742 0 0 0
4362080755 0 0 0
4362080768 0 0 0
4362080781 0 0 0
4362080794 0 0 0
4362080807 0 0 0
4362080820 0 0 0
4362080833 0 0 0
4362080846 0 0 0
4362080859 0 0 0
4362080872 0 0 0
4362080885 0 0 0
4362080898 0 0 0
4362080911 0 0 0
4362080924 0 0 0
4362080937 0 0 0
4362080950 0 0 0
4362080963 0 0 0
4362080976 0 0 0
4362080989 0 0 0
4362081002 0 0 0
4362081015 0 0 0
4362081028 0 0 0
4362081041 0 0 0
4362081054 0 0 0
4362081067 0 0 0
read 532 profiled data
