4339801932 40435 0 18
4339801945 17132 0 6
4339801958 0 0 0
4339801971 0 0 0
4339801984 0 0 0
4339801997 0 0 0
4339802010 0 0 0
4339802023 0 0 0
4339802036 0 0 0
4339802049 0 0 0
4339802062 0 0 0
4339802075 0 0 0
4339802088 0 0 0
4339802101 0 0 0
4339802114 0 0 0
4339802127 0 0 0
4339802140 0 0 0
4339802153 0 0 0
4339802166 0 0 0
4339802179 9418 0 4
4339802192 7482 0 4
4339802205 30050 0 12
4339802218 0 0 0
4339802231 0 0 0
4339802244 0 0 0
4339802257 0 0 0
4339802270 0 0 0
4339802283 0 0 0
4339802296 0 0 0
4339802309 0 0 0
4339802322 0 0 0
4339802335 0 0 0
4339802348 0 0 0
4339802361 0 0 0
4339802374 0 0 0
4339802387 0 0 0
4339802400 0 0 0
4339802413 0 0 0
4339802426 0 0 0
4339802439 9073 0 3
4339802452 0 0 0
4339802465 26243 0 11
4339802478 4636 0 1
4339802491 0 0 0
4339802504 0 0 0
4339802517 0 0 0
4339802530 0 0 0
4339802543 0 0 0
4339802556 0 0 0
4339802569 0 0 0
4339802582 0 0 0
4339802595 0 0 0
4339802608 0 0 0
4339802621 0 0 0
4339802634 0 0 0
4339802647 0 0 0
4339802660 0 0 0
4339802673 0 0 0
4339802686 8735 0 4
4339802699 0 0 0
4339802712 0 0 0
4339802725 19864 0 9
4339802738 5625 0 2
4339802751 0 0 0
4339802764 0 0 0
4339802777 0 0 0
4339802790 0 0 0
4339802803 0 0 0
4339802816 0 0 0
4339802829 0 0 0
4339802842 0 0 0
4339802855 0 0 0
4339802868 0 0 0
4339802881 0 0 0
4339802894 0 0 0
4339802907 0 0 0
4339802920 0 0 0
4339802933 0 0 0
4339802946 8442 0 3
4339802959 0 0 0
4339802972 0 0 0
4339802985 17721 0 8
4339802998 3573 0 1
4339803011 0 0 0
4339803024 0 0 0
4339803037 0 0 0
4339803050 0 0 0
4339803063 0 0 0
4339803076 0 0 0
4339803089 0 0 0
4339803102 0 0 0
4339803115 0 0 0
4339803128 0 0 0
4339803141 0 0 0
4339803154 0 0 0
4339803167 0 0 0
4339803180 0 0 0
4339803193 8092 0 4
4339803206 0 0 0
4339803219 0 0 0
4339803232 0 0 0
4339803245 17574 0 8
4339803258 0 0 0
4339803271 0 0 0
4339803284 0 0 0
4339803297 0 0 0
4339803310 0 0 0
4339803323 0 0 0
4339803336 0 0 0
4339803349 0 0 0
4339803362 0 0 0
4339803375 0 0 0
4339803388 0 0 0
4339803401 0 0 0
4339803414 0 0 0
4339803427 0 0 0
4339803440 0 0 0
4339803453 7767 0 3
4339803466 0 0 0
4339803479 0 0 0
4339803492 0 0 0
4339803505 14392 0 7
4339803518 0 0 0
4339803531 0 0 0
4339803544 0 0 0
4339803557 0 0 0
4339803570 0 0 0
4339803583 0 0 0
4339803596 0 0 0
4339803609 0 0 0
4339803622 0 0 0
4339803635 0 0 0
4339803648 0 0 0
4339803661 0 0 0
4339803674 0 0 0
4339803687 0 0 0
4339803700 7473 0 3
4339803713 0 0 0
4339803726 0 0 0
4339803739 0 0 0
4339803752 1683 0 1
4339803765 10250 0 5
4339803778 0 0 0
4339803791 0 0 0
4339803804 0 0 0
4339803817 0 0 0
4339803830 0 0 0
4339803843 0 0 0
4339803856 0 0 0
4339803869 0 0 0
4339803882 0 0 0
4339803895 0 0 0
4339803908 0 0 0
4339803921 0 0 0
4339803934 0 0 0
4339803947 0 0 0
4339803960 7169 0 3
4339803973 0 0 0
4339803986 0 0 0
4339803999 0 0 0
4339804012 9944 0 4
4339804025 0 0 0
4339804038 0 0 0
4339804051 0 0 0
4339804064 0 0 0
4339804077 0 0 0
4339804090 0 0 0
4339804103 0 0 0
4339804116 0 0 0
4339804129 0 0 0
4339804142 0 0 0
4339804155 0 0 0
4339804168 0 0 0
4339804181 0 0 0
4339804194 0 0 0
4339804207 7030 0 3
4339804220 0 0 0
4339804233 0 0 0
4339804246 0 0 0
4339804259 0 0 0
4339804272 8112 0 4
4339804285 0 0 0
4339804298 0 0 0
4339804311 0 0 0
4339804324 0 0 0
4339804337 0 0 0
4339804350 0 0 0
4339804363 0 0 0
4339804376 0 0 0
4339804389 0 0 0
4339804402 0 0 0
4339804415 0 0 0
4339804428 0 0 0
4339804441 0 0 0
4339804454 0 0 0
4339804467 6593 0 2
4339804480 0 0 0
4339804493 0 0 0
4339804506 0 0 0
4339804519 4946 0 3
4339804532 1740 0 1
4339804545 0 0 0
4339804558 0 0 0
4339804571 0 0 0
4339804584 0 0 0
4339804597 0 0 0
4339804610 0 0 0
4339804623 0 0 0
4339804636 0 0 0
4339804649 0 0 0
4339804662 0 0 0
4339804675 0 0 0
4339804688 0 0 0
4339804701 0 0 0
4339804714 6447 0 2
4339804727 0 0 0
4339804740 0 0 0
4339804753 0 0 0
4339804766 0 0 0
4339804779 5524 0 3
4339804792 0 0 0
4339804805 0 0 0
4339804818 0 0 0
4339804831 0 0 0
4339804844 0 0 0
4339804857 0 0 0
4339804870 0 0 0
4339804883 0 0 0
4339804896 0 0 0
4339804909 0 0 0
4339804922 0 0 0
4339804935 0 0 0
4339804948 0 0 0
4339804961 2865 0 2
4339804974 3301 0 1
4339804987 0 0 0
4339805000 0 0 0
4339805013 0 0 0
4339805026 3974 0 3
4339805039 658 0 0
4339805052 0 0 0
4339805065 0 0 0
4339805078 0 0 0
4339805091 0 0 0
4339805104 0 0 0
4339805117 0 0 0
4339805130 0 0 0
4339805143 0 0 0
4339805156 0 0 0
4339805169 0 0 0
4339805182 0 0 0
4339805195 0 0 0
4339805208 0 0 0
4339805221 6008 0 3
4339805234 0 0 0
4339805247 0 0 0
4339805260 0 0 0
4339805273 0 0 0
4339805286 3823 0 3
4339805299 0 0 0
4339805312 0 0 0
4339805325 0 0 0
4339805338 0 0 0
4339805351 0 0 0
4339805364 0 0 0
4339805377 0 0 0
4339805390 0 0 0
4339805403 0 0 0
4339805416 0 0 0
4339805429 0 0 0
4339805442 0 0 0
4339805455 0 0 0
4339805468 5033 0 3
4339805481 632 0 0
4339805494 0 0 0
4339805507 0 0 0
4339805520 0 0 0
4339805533 3058 0 2
4339805546 0 0 0
4339805559 0 0 0
4339805572 0 0 0
4339805585 0 0 0
4339805598 0 0 0
4339805611 0 0 0
4339805624 0 0 0
4339805637 0 0 0
4339805650 0 0 0
4339805663 0 0 0
4339805676 0 0 0
4339805689 0 0 0
4339805702 0 0 0
4339805715 0 0 0
4339805728 5540 0 2
4339805741 0 0 0
4339805754 0 0 0
4339805767 0 0 0
4339805780 0 0 0
4339805793 2588 0 3
4339805806 0 0 0
4339805819 0 0 0
4339805832 0 0 0
4339805845 0 0 0
4339805858 0 0 0
4339805871 0 0 0
4339805884 0 0 0
4339805897 0 0 0
4339805910 0 0 0
4339805923 0 0 0
4339805936 0 0 0
4339805949 0 0 0
4339805962 0 0 0
4339805975 5248 0 3
4339805988 0 0 0
4339806001 0 0 0
4339806014 0 0 0
4339806027 0 0 0
4339806040 2097 0 2
4339806053 0 0 0
4339806066 0 0 0
4339806079 0 0 0
4339806092 0 0 0
4339806105 0 0 0
4339806118 0 0 0
4339806131 0 0 0
4339806144 0 0 0
4339806157 0 0 0
4339806170 0 0 0
4339806183 0 0 0
4339806196 0 0 0
4339806209 0 0 0
4339806222 0 0 0
4339806235 5172 0 3
4339806248 0 0 0
4339806261 0 0 0
4339806274 0 0 0
4339806287 392 0 1
4339806300 1322 0 1
4339806313 0 0 0
4339806326 0 0 0
4339806339 0 0 0
4339806352 0 0 0
4339806365 0 0 0
4339806378 0 0 0
4339806391 0 0 0
4339806404 0 0 0
4339806417 0 0 0
4339806430 0 0 0
4339806443 0 0 0
4339806456 0 0 0
4339806469 0 0 0
4339806482 4833 0 2
4339806495 0 0 0
4339806508 0 0 0
4339806521 0 0 0
4339806534 0 0 0
4339806547 1438 0 2
4339806560 0 0 0
4339806573 0 0 0
4339806586 0 0 0
4339806599 0 0 0
4339806612 0 0 0
4339806625 0 0 0
4339806638 0 0 0
4339806651 0 0 0
4339806664 0 0 0
4339806677 0 0 0
4339806690 0 0 0
4339806703 0 0 0
4339806716 0 0 0
4339806729 1360 0 1
4339806742 3336 0 1
4339806755 0 0 0
4339806768 0 0 0
4339806781 0 0 0
4339806794 1151 0 2
4339806807 0 0 0
4339806820 0 0 0
4339806833 0 0 0
4339806846 0 0 0
4339806859 0 0 0
4339806872 0 0 0
4339806885 0 0 0
4339806898 0 0 0
4339806911 0 0 0
4339806924 0 0 0
4339806937 0 0 0
4339806950 0 0 0
4339806963 0 0 0
4339806976 0 0 0
4339806989 0 0 9
4339807002 0 0 0
4339807015 0 0 0
4339807028 0 0 0
4339807041 0 0 0
4339807054 0 0 12
4339819753 100610 0 43
4339819766 3093 0 1
4339819779 0 0 0
4339819792 0 0 0
4339819805 0 0 0
4339819818 0 0 0
4339819831 0 0 0
4339819844 0 0 0
4339819857 0 0 0
4339819870 0 0 0
4339819883 0 0 0
4339819896 0 0 0
4339819909 0 0 0
4339819922 0 0 0
4339819935 0 0 0
4339819948 0 0 0
4339819961 0 0 0
4339819974 0 0 0
4339819987 0 0 0
4339820000 12002 0 4
4339820013 69673 0 25
4339820026 0 0 0
4339820039 0 0 0
4339820052 0 0 0
4339820065 0 0 0
4339820078 0 0 0
4339820091 0 0 0
4339820104 0 0 0
4339820117 0 0 0
4339820130 0 0 0
4339820143 0 0 0
4339820156 0 0 0
4339820169 0 0 0
4339820182 0 0 0
4339820195 0 0 0
4339820208 0 0 0
4339820221 0 0 0
4339820234 0 0 0
4339820247 0 0 0
4339820260 60721 0 24
4339820273 5796 0 2
4339820286 0 0 0
4339820299 0 0 0
4339820312 0 0 0
4339820325 0 0 0
4339820338 0 0 0
4339820351 0 0 0
4339820364 0 0 0
4339820377 0 0 0
4339820390 0 0 0
4339820403 0 0 0
4339820416 0 0 0
4339820429 0 0 0
4339820442 0 0 0
4339820455 0 0 0
4339820468 0 0 0
4339820481 0 0 0
4339820494 0 0 0
4339820507 14187 0 7
4339820520 41418 0 15
4339820533 0 0 0
4339820546 0 0 0
4339820559 0 0 0
4339820572 0 0 0
4339820585 0 0 0
4339820598 0 0 0
4339820611 0 0 0
4339820624 0 0 0
4339820637 0 0 0
4339820650 0 0 0
4339820663 0 0 0
4339820676 0 0 0
4339820689 0 0 0
4339820702 0 0 0
4339820715 0 0 0
4339820728 0 0 0
4339820741 0 0 0
4339820754 4100 0 1
4339820767 41000 0 18
4339820780 0 0 0
4339820793 0 0 0
4339820806 0 0 0
4339820819 0 0 0
4339820832 0 0 0
4339820845 0 0 0
4339820858 0 0 0
4339820871 0 0 0
4339820884 0 0 0
4339820897 0 0 0
4339820910 0 0 0
4339820923 0 0 0
4339820936 0 0 0
4339820949 0 0 0
4339820962 0 0 0
4339820975 0 0 0
4339820988 0 0 0
4339821001 0 0 0
4339821014 21947 0 11
4339821027 15871 0 6
4339821040 0 0 0
4339821053 0 0 0
4339821066 0 0 0
4339821079 0 0 0
4339821092 0 0 0
4339821105 0 0 0
4339821118 0 0 0
4339821131 0 0 0
4339821144 0 0 0
4339821157 0 0 0
4339821170 0 0 0
4339821183 0 0 0
4339821196 0 0 0
4339821209 0 0 0
4339821222 0 0 0
4339821235 0 0 0
4339821248 0 0 0
4339821261 7456 0 3
4339821274 23421 0 10
4339821287 0 0 0
4339821300 0 0 0
4339821313 0 0 0
4339821326 0 0 0
4339821339 0 0 0
4339821352 0 0 0
4339821365 0 0 0
4339821378 0 0 0
4339821391 0 0 0
4339821404 0 0 0
4339821417 0 0 0
4339821430 0 0 0
4339821443 0 0 0
4339821456 0 0 0
4339821469 0 0 0
4339821482 0 0 0
4339821495 0 0 0
4339821508 2315 0 1
4339821521 23150 0 13
4339821534 0 0 0
4339821547 0 0 0
4339821560 0 0 0
4339821573 0 0 0
4339821586 0 0 0
4339821599 0 0 0
4339821612 0 0 0
4339821625 0 0 0
4339821638 0 0 0
4339821651 0 0 0
4339821664 0 0 0
4339821677 0 0 0
4339821690 0 0 0
4339821703 0 0 0
4339821716 0 0 0
4339821729 0 0 0
4339821742 0 0 0
4339821755 0 0 0
4339821768 11462 0 7
4339821781 9152 0 4
4339821794 0 0 0
4339821807 0 0 0
4339821820 0 0 0
4339821833 0 0 0
4339821846 0 0 0
4339821859 0 0 0
4339821872 0 0 0
4339821885 0 0 0
4339821898 0 0 0
4339821911 0 0 0
4339821924 0 0 0
4339821937 0 0 0
4339821950 0 0 0
4339821963 0 0 0
4339821976 0 0 0
4339821989 0 0 0
4339822002 0 0 0
4339822015 4972 0 5
4339822028 12649 0 7
4339822041 0 0 0
4339822054 0 0 0
4339822067 0 0 0
4339822080 0 0 0
4339822093 0 0 0
4339822106 0 0 0
4339822119 0 0 0
4339822132 0 0 0
4339822145 0 0 0
4339822158 0 0 0
4339822171 0 0 0
4339822184 0 0 0
4339822197 0 0 0
4339822210 0 0 0
4339822223 0 0 0
4339822236 0 0 0
4339822249 0 0 0
4339822262 1252 0 0
4339822275 12520 0 9
4339822288 0 0 0
4339822301 0 0 0
4339822314 0 0 0
4339822327 0 0 0
4339822340 0 0 0
4339822353 0 0 0
4339822366 0 0 0
4339822379 0 0 0
4339822392 0 0 0
4339822405 0 0 0
4339822418 0 0 0
4339822431 0 0 0
4339822444 0 0 0
4339822457 0 0 0
4339822470 0 0 0
4339822483 0 0 0
4339822496 0 0 0
4339822509 0 0 0
4339822522 9635 0 7
4339822535 1167 0 0
4339822548 0 0 0
4339822561 0 0 0
4339822574 0 0 0
4339822587 0 0 0
4339822600 0 0 0
4339822613 0 0 0
4339822626 0 0 0
4339822639 0 0 0
4339822652 0 0 0
4339822665 0 0 0
4339822678 0 0 0
4339822691 0 0 0
4339822704 0 0 0
4339822717 0 0 0
4339822730 0 0 0
4339822743 0 0 0
4339822756 0 0 0
4339822769 3588 0 2
4339822782 6279 0 3
4339822795 0 0 0
4339822808 0 0 0
4339822821 0 0 0
4339822834 0 0 0
4339822847 0 0 0
4339822860 0 0 0
4339822873 0 0 0
4339822886 0 0 0
4339822899 0 0 0
4339822912 0 0 0
4339822925 0 0 0
4339822938 0 0 0
4339822951 0 0 0
4339822964 0 0 0
4339822977 0 0 0
4339822990 0 0 0
4339823003 0 0 0
4339823016 721 0 0
4339823029 7210 0 7
4339823042 0 0 0
4339823055 0 0 0
4339823068 0 0 0
4339823081 0 0 0
4339823094 0 0 0
4339823107 0 0 0
4339823120 0 0 0
4339823133 0 0 0
4339823146 0 0 0
4339823159 0 0 0
4339823172 0 0 0
4339823185 0 0 0
4339823198 0 0 0
4339823211 0 0 0
4339823224 0 0 0
4339823237 0 0 0
4339823250 0 0 0
4339823263 621 0 1
4339823276 6210 0 6
4339823289 0 0 0
4339823302 0 0 0
4339823315 0 0 0
4339823328 0 0 0
4339823341 0 0 0
4339823354 0 0 0
4339823367 0 0 0
4339823380 0 0 0
4339823393 0 0 0
4339823406 0 0 0
4339823419 0 0 0
4339823432 0 0 0
4339823445 0 0 0
4339823458 0 0 0
4339823471 0 0 0
4339823484 0 0 0
4339823497 0 0 0
4339823510 0 0 0
4339823523 2886 0 2
4339823536 2405 0 3
4339823549 0 0 0
4339823562 0 0 0
4339823575 0 0 0
4339823588 0 0 0
4339823601 0 0 0
4339823614 0 0 0
4339823627 0 0 0
4339823640 0 0 0
4339823653 0 0 0
4339823666 0 0 0
4339823679 0 0 0
4339823692 0 0 0
4339823705 0 0 0
4339823718 0 0 0
4339823731 0 0 0
4339823744 0 0 0
4339823757 0 0 0
4339823770 1498 0 2
4339823783 2880 0 3
4339823796 0 0 0
4339823809 0 0 0
4339823822 0 0 0
4339823835 0 0 0
4339823848 0 0 0
4339823861 0 0 0
4339823874 0 0 0
4339823887 0 0 0
4339823900 0 0 0
4339823913 0 0 0
4339823926 0 0 0
4339823939 0 0 0
4339823952 0 0 0
4339823965 0 0 0
4339823978 0 0 0
4339823991 0 0 0
4339824004 0 0 0
4339824017 347 0 1
4339824030 3470 0 5
4339824043 0 0 0
4339824056 0 0 0
4339824069 0 0 0
4339824082 0 0 0
4339824095 0 0 0
4339824108 0 0 0
4339824121 0 0 0
4339824134 0 0 0
4339824147 0 0 0
4339824160 0 0 0
4339824173 0 0 0
4339824186 0 0 0
4339824199 0 0 0
4339824212 0 0 0
4339824225 0 0 0
4339824238 0 0 0
4339824251 0 0 0
4339824264 0 0 0
4339824277 2739 0 6
4339824290 0 0 0
4339824303 0 0 0
4339824316 0 0 0
4339824329 0 0 0
4339824342 0 0 0
4339824355 0 0 0
4339824368 0 0 0
4339824381 0 0 0
4339824394 0 0 0
4339824407 0 0 0
4339824420 0 0 0
4339824433 0 0 0
4339824446 0 0 0
4339824459 0 0 0
4339824472 0 0 0
4339824485 0 0 0
4339824498 0 0 0
4339824511 0 0 0
4339824524 948 0 2
4339824537 1659 0 3
4339824550 0 0 0
4339824563 0 0 0
4339824576 0 0 0
4339824589 0 0 0
4339824602 0 0 0
4339824615 0 0 0
4339824628 0 0 0
4339824641 0 0 0
4339824654 0 0 0
4339824667 0 0 0
4339824680 0 0 0
4339824693 0 0 0
4339824706 0 0 0
4339824719 0 0 0
4339824732 0 0 0
4339824745 0 0 0
4339824758 0 0 0
4339824773 0 0 7
4339824786 4 0 33
4339873785 9414 0 4
4339873798 0 0 0
4339873811 0 0 0
4339873824 0 0 0
4339873837 0 0 0
4339873850 0 0 0
4339873863 0 0 0
4339873876 0 0 0
4339873889 0 0 0
4339873902 0 0 0
4339873915 0 0 0
4339873928 0 0 0
4339873941 0 0 0
4339873954 0 0 0
4339873967 0 0 0
4339873980 0 0 0
4339873993 0 0 0
4339874006 0 0 0
4339874019 0 0 0
4339874032 7425 0 3
4339874045 0 0 0
4339874058 0 0 0
4339874071 0 0 0
4339874084 0 0 0
4339874097 0 0 0
4339874110 0 0 0
4339874123 0 0 0
4339874136 0 0 0
4339874149 0 0 0
4339874162 0 0 0
4339874175 0 0 0
4339874188 0 0 0
4339874201 0 0 0
4339874214 0 0 0
4339874227 0 0 0
4339874240 0 0 0
4339874253 0 0 0
4339874266 0 0 0
4339874279 0 0 0
4339874292 6047 0 3
4339874305 0 0 0
4339874318 0 0 0
4339874331 0 0 0
4339874344 0 0 0
4339874357 0 0 0
4339874370 0 0 0
4339874383 0 0 0
4339874396 0 0 0
4339874409 0 0 0
4339874422 0 0 0
4339874435 0 0 0
4339874448 0 0 0
4339874461 0 0 0
4339874474 0 0 0
4339874487 0 0 0
4339874500 0 0 0
4339874513 0 0 0
4339874526 0 0 0
4339874539 5055 0 2
4339874552 0 0 0
4339874565 0 0 0
4339874578 0 0 0
4339874591 0 0 0
4339874604 0 0 0
4339874617 0 0 0
4339874630 0 0 0
4339874643 0 0 0
4339874656 0 0 0
4339874669 0 0 0
4339874682 0 0 0
4339874695 0 0 0
4339874708 0 0 0
4339874721 0 0 0
4339874734 0 0 0
4339874747 0 0 0
4339874760 0 0 0
4339874773 0 0 0
4339874786 4100 0 2
4339874799 0 0 0
4339874812 0 0 0
4339874825 0 0 0
4339874838 0 0 0
4339874851 0 0 0
4339874864 0 0 0
4339874877 0 0 0
4339874890 0 0 0
4339874903 0 0 0
4339874916 0 0 0
4339874929 0 0 0
4339874942 0 0 0
4339874955 0 0 0
4339874968 0 0 0
4339874981 0 0 0
4339874994 0 0 0
4339875007 0 0 0
4339875020 0 0 0
4339875033 0 0 0
4339875046 3438 0 1
4339875059 0 0 0
4339875072 0 0 0
4339875085 0 0 0
4339875098 0 0 0
4339875111 0 0 0
4339875124 0 0 0
4339875137 0 0 0
4339875150 0 0 0
4339875163 0 0 0
4339875176 0 0 0
4339875189 0 0 0
4339875202 0 0 0
4339875215 0 0 0
4339875228 0 0 0
4339875241 0 0 0
4339875254 0 0 0
4339875267 0 0 0
4339875280 0 0 0
4339875293 2807 0 2
4339875306 0 0 0
4339875319 0 0 0
4339875332 0 0 0
4339875345 0 0 0
4339875358 0 0 0
4339875371 0 0 0
4339875384 0 0 0
4339875397 0 0 0
4339875410 0 0 0
4339875423 0 0 0
4339875436 0 0 0
4339875449 0 0 0
4339875462 0 0 0
4339875475 0 0 0
4339875488 0 0 0
4339875501 0 0 0
4339875514 0 0 0
4339875527 0 0 0
4339875540 2315 0 1
4339875553 0 0 0
4339875566 0 0 0
4339875579 0 0 0
4339875592 0 0 0
4339875605 0 0 0
4339875618 0 0 0
4339875631 0 0 0
4339875644 0 0 0
4339875657 0 0 0
4339875670 0 0 0
4339875683 0 0 0
4339875696 0 0 0
4339875709 0 0 0
4339875722 0 0 0
4339875735 0 0 0
4339875748 0 0 0
4339875761 0 0 0
4339875774 0 0 0
4339875787 0 0 0
4339875800 1874 0 1
4339875813 0 0 0
4339875826 0 0 0
4339875839 0 0 0
4339875852 0 0 0
4339875865 0 0 0
4339875878 0 0 0
4339875891 0 0 0
4339875904 0 0 0
4339875917 0 0 0
4339875930 0 0 0
4339875943 0 0 0
4339875956 0 0 0
4339875969 0 0 0
4339875982 0 0 0
4339875995 0 0 0
4339876008 0 0 0
4339876021 0 0 0
4339876034 0 0 0
4339876047 1602 0 1
4339876060 0 0 0
4339876073 0 0 0
4339876086 0 0 0
4339876099 0 0 0
4339876112 0 0 0
4339876125 0 0 0
4339876138 0 0 0
4339876151 0 0 0
4339876164 0 0 0
4339876177 0 0 0
4339876190 0 0 0
4339876203 0 0 0
4339876216 0 0 0
4339876229 0 0 0
4339876242 0 0 0
4339876255 0 0 0
4339876268 0 0 0
4339876281 0 0 0
4339876294 1252 0 1
4339876307 0 0 0
4339876320 0 0 0
4339876333 0 0 0
4339876346 0 0 0
4339876359 0 0 0
4339876372 0 0 0
4339876385 0 0 0
4339876398 0 0 0
4339876411 0 0 0
4339876424 0 0 0
4339876437 0 0 0
4339876450 0 0 0
4339876463 0 0 0
4339876476 0 0 0
4339876489 0 0 0
4339876502 0 0 0
4339876515 0 0 0
4339876528 0 0 0
4339876541 0 0 0
4339876554 982 0 1
4339876567 0 0 0
4339876580 0 0 0
4339876593 0 0 0
4339876606 0 0 0
4339876619 0 0 0
4339876632 0 0 0
4339876645 0 0 0
4339876658 0 0 0
4339876671 0 0 0
4339876684 0 0 0
4339876697 0 0 0
4339876710 0 0 0
4339876723 0 0 0
4339876736 0 0 0
4339876749 0 0 0
4339876762 0 0 0
4339876775 0 0 0
4339876788 0 0 0
4339876801 897 0 1
4339876814 0 0 0
4339876827 0 0 0
4339876840 0 0 0
4339876853 0 0 0
4339876866 0 0 0
4339876879 0 0 0
4339876892 0 0 0
4339876905 0 0 0
4339876918 0 0 0
4339876931 0 0 0
4339876944 0 0 0
4339876957 0 0 0
4339876970 0 0 0
4339876983 0 0 0
4339876996 0 0 0
4339877009 0 0 0
4339877022 0 0 0
4339877035 0 0 0
4339877048 721 0 1
4339877061 0 0 0
4339877074 0 0 0
4339877087 0 0 0
4339877100 0 0 0
4339877113 0 0 0
4339877126 0 0 0
4339877139 0 0 0
4339877152 0 0 0
4339877165 0 0 0
4339877178 0 0 0
4339877191 0 0 0
4339877204 0 0 0
4339877217 0 0 0
4339877230 0 0 0
4339877243 0 0 0
4339877256 0 0 0
4339877269 0 0 0
4339877282 0 0 0
4339877295 0 0 0
4339877308 621 0 0
4339877321 0 0 0
4339877334 0 0 0
4339877347 0 0 0
4339877360 0 0 0
4339877373 0 0 0
4339877386 0 0 0
4339877399 0 0 0
4339877412 0 0 0
4339877425 0 0 0
4339877438 0 0 0
4339877451 0 0 0
4339877464 0 0 0
4339877477 0 0 0
4339877490 0 0 0
4339877503 0 0 0
4339877516 0 0 0
4339877529 0 0 0
4339877542 0 0 0
4339877555 481 0 1
4339877568 0 0 0
4339877581 0 0 0
4339877594 0 0 0
4339877607 0 0 0
4339877620 0 0 0
4339877633 0 0 0
4339877646 0 0 0
4339877659 0 0 0
4339877672 0 0 0
4339877685 0 0 0
4339877698 0 0 0
4339877711 0 0 0
4339877724 0 0 0
4339877737 0 0 0
4339877750 0 0 0
4339877763 0 0 0
4339877776 0 0 0
4339877789 0 0 0
4339877802 398 0 0
4339877815 0 0 0
4339877828 0 0 0
4339877841 0 0 0
4339877854 0 0 0
4339877867 0 0 0
4339877880 0 0 0
4339877893 0 0 0
4339877906 0 0 0
4339877919 0 0 0
4339877932 0 0 0
4339877945 0 0 0
4339877958 0 0 0
4339877971 0 0 0
4339877984 0 0 0
4339877997 0 0 0
4339878010 0 0 0
4339878023 0 0 0
4339878036 0 0 0
4339878049 347 0 1
4339878062 0 0 0
4339878075 0 0 0
4339878088 0 0 0
4339878101 0 0 0
4339878114 0 0 0
4339878127 0 0 0
4339878140 0 0 0
4339878153 0 0 0
4339878166 0 0 0
4339878179 0 0 0
4339878192 0 0 0
4339878205 0 0 0
4339878218 0 0 0
4339878231 0 0 0
4339878244 0 0 0
4339878257 0 0 0
4339878270 0 0 0
4339878283 0 0 0
4339878296 0 0 0
4339878309 249 0 0
4339878322 0 0 0
4339878335 0 0 0
4339878348 0 0 0
4339878361 0 0 0
4339878374 0 0 0
4339878387 0 0 0
4339878400 0 0 0
4339878413 0 0 0
4339878426 0 0 0
4339878439 0 0 0
4339878452 0 0 0
4339878465 0 0 0
4339878478 0 0 0
4339878491 0 0 0
4339878504 0 0 0
4339878517 0 0 0
4339878530 0 0 0
4339878543 0 0 0
4339878556 237 0 1
4339878569 0 0 0
4339878582 0 0 0
4339878595 0 0 0
4339878608 0 0 0
4339878621 0 0 0
4339878634 0 0 0
4339878647 0 0 0
4339878660 0 0 0
4339878673 0 0 0
4339878686 0 0 0
4339878699 0 0 0
4339878712 0 0 0
4339878725 0 0 0
4339878738 0 0 0
4339878751 0 0 0
4339878764 0 0 0
4339878777 0 0 0
4339878790 0 0 0
read 1169 profiled data
