4337770582 42449 0 18
4337770595 15118 0 6
4337770608 0 0 0
4337770621 0 0 0
4337770634 0 0 0
4337770647 0 0 0
4337770660 0 0 0
4337770673 0 0 0
4337770686 0 0 0
4337770699 0 0 0
4337770712 0 0 0
4337770725 0 0 0
4337770738 0 0 0
4337770751 0 0 0
4337770764 0 0 0
4337770777 0 0 0
4337770790 0 0 0
4337770803 0 0 0
4337770816 0 0 0
4337770829 9418 0 4
4337770842 9327 0 4
4337770855 28205 0 11
4337770868 0 0 0
4337770881 0 0 0
4337770894 0 0 0
4337770907 0 0 0
4337770920 0 0 0
4337770933 0 0 0
4337770946 0 0 0
4337770959 0 0 0
4337770972 0 0 0
4337770985 0 0 0
4337770998 0 0 0
4337771011 0 0 0
4337771024 0 0 0
4337771037 0 0 0
4337771050 0 0 0
4337771063 0 0 0
4337771076 0 0 0
4337771089 9073 0 4
4337771102 0 0 0
4337771115 26409 0 12
4337771128 4470 0 1
4337771141 0 0 0
4337771154 0 0 0
4337771167 0 0 0
4337771180 0 0 0
4337771193 0 0 0
4337771206 0 0 0
4337771219 0 0 0
4337771232 0 0 0
4337771245 0 0 0
4337771258 0 0 0
4337771271 0 0 0
4337771284 0 0 0
4337771297 0 0 0
4337771310 0 0 0
4337771323 0 0 0
4337771336 8735 0 3
4337771349 0 0 0
4337771362 0 0 0
4337771375 18537 0 9
4337771388 6952 0 3
4337771401 0 0 0
4337771414 0 0 0
4337771427 0 0 0
4337771440 0 0 0
4337771453 0 0 0
4337771466 0 0 0
4337771479 0 0 0
4337771492 0 0 0
4337771505 0 0 0
4337771518 0 0 0
4337771531 0 0 0
4337771544 0 0 0
4337771557 0 0 0
4337771570 0 0 0
4337771583 0 0 0
4337771596 8442 0 4
4337771609 0 0 0
4337771622 0 0 0
4337771635 16810 0 7
4337771648 4484 0 1
4337771661 0 0 0
4337771674 0 0 0
4337771687 0 0 0
4337771700 0 0 0
4337771713 0 0 0
4337771726 0 0 0
4337771739 0 0 0
4337771752 0 0 0
4337771765 0 0 0
4337771778 0 0 0
4337771791 0 0 0
4337771804 0 0 0
4337771817 0 0 0
4337771830 0 0 0
4337771843 8092 0 3
4337771856 0 0 0
4337771869 0 0 0
4337771882 0 0 0
4337771895 17574 0 8
4337771908 0 0 0
4337771921 0 0 0
4337771934 0 0 0
4337771947 0 0 0
4337771960 0 0 0
4337771973 0 0 0
4337771986 0 0 0
4337771999 0 0 0
4337772012 0 0 0
4337772025 0 0 0
4337772038 0 0 0
4337772051 0 0 0
4337772064 0 0 0
4337772077 0 0 0
4337772090 0 0 0
4337772103 7767 0 3
4337772116 0 0 0
4337772129 0 0 0
4337772142 0 0 0
4337772155 14392 0 7
4337772168 0 0 0
4337772181 0 0 0
4337772194 0 0 0
4337772207 0 0 0
4337772220 0 0 0
4337772233 0 0 0
4337772246 0 0 0
4337772259 0 0 0
4337772272 0 0 0
4337772285 0 0 0
4337772298 0 0 0
4337772311 0 0 0
4337772324 0 0 0
4337772337 0 0 0
4337772350 7473 0 3
4337772363 0 0 0
4337772376 0 0 0
4337772389 0 0 0
4337772404 4977 0 3
4337772417 6956 0 3
4337772430 0 0 0
4337772443 0 0 0
4337772456 0 0 0
4337772469 0 0 0
4337772482 0 0 0
4337772495 0 0 0
4337772508 0 0 0
4337772521 0 0 0
4337772534 0 0 0
4337772547 0 0 0
4337772560 0 0 0
4337772573 0 0 0
4337772586 0 0 0
4337772599 3408 0 2
4337772612 3761 0 1
4337772625 0 0 0
4337772638 0 0 0
4337772651 0 0 0
4337772664 9944 0 5
4337772677 0 0 0
4337772690 0 0 0
4337772703 0 0 0
4337772716 0 0 0
4337772729 0 0 0
4337772742 0 0 0
4337772755 0 0 0
4337772768 0 0 0
4337772781 0 0 0
4337772794 0 0 0
4337772807 0 0 0
4337772820 0 0 0
4337772833 0 0 0
4337772846 0 0 0
4337772859 7030 0 3
4337772872 0 0 0
4337772885 0 0 0
4337772898 0 0 0
4337772911 0 0 0
4337772924 8112 0 5
4337772937 0 0 0
4337772950 0 0 0
4337772963 0 0 0
4337772976 0 0 0
4337772989 0 0 0
4337773002 0 0 0
4337773015 0 0 0
4337773028 0 0 0
4337773041 0 0 0
4337773054 0 0 0
4337773067 0 0 0
4337773080 0 0 0
4337773093 0 0 0
4337773106 6147 0 3
4337773119 446 0 0
4337773132 0 0 0
4337773145 0 0 0
4337773158 0 0 0
4337773171 6395 0 4
4337773184 291 0 0
4337773197 0 0 0
4337773210 0 0 0
4337773223 0 0 0
4337773236 0 0 0
4337773249 0 0 0
4337773262 0 0 0
4337773275 0 0 0
4337773288 0 0 0
4337773301 0 0 0
4337773314 0 0 0
4337773327 0 0 0
4337773340 0 0 0
4337773353 0 0 0
4337773366 6447 0 2
4337773379 0 0 0
4337773392 0 0 0
4337773405 0 0 0
4337773418 0 0 0
4337773431 5524 0 3
4337773444 0 0 0
4337773457 0 0 0
4337773470 0 0 0
4337773483 0 0 0
4337773496 0 0 0
4337773509 0 0 0
4337773522 0 0 0
4337773535 0 0 0
4337773548 0 0 0
4337773561 0 0 0
4337773574 0 0 0
4337773587 0 0 0
4337773600 0 0 0
4337773613 6166 0 3
4337773626 0 0 0
4337773639 0 0 0
4337773652 0 0 0
4337773665 0 0 0
4337773678 4045 0 4
4337773691 588 0 0
4337773704 0 0 0
4337773717 0 0 0
4337773730 0 0 0
4337773743 0 0 0
4337773756 0 0 0
4337773769 0 0 0
4337773782 0 0 0
4337773795 0 0 0
4337773808 0 0 0
4337773821 0 0 0
4337773834 0 0 0
4337773847 0 0 0
4337773860 0 0 0
4337773873 6008 0 2
4337773886 0 0 0
4337773899 0 0 0
4337773912 0 0 0
4337773925 0 0 0
4337773938 3823 0 3
4337773951 0 0 0
4337773964 0 0 0
4337773977 0 0 0
4337773990 0 0 0
4337774003 0 0 0
4337774016 0 0 0
4337774029 0 0 0
4337774042 0 0 0
4337774055 0 0 0
4337774068 0 0 0
4337774081 0 0 0
4337774094 0 0 0
4337774107 0 0 0
4337774120 5665 0 2
4337774133 0 0 0
4337774146 0 0 0
4337774159 0 0 0
4337774172 0 0 0
4337774185 3058 0 3
4337774198 0 0 0
4337774211 0 0 0
4337774224 0 0 0
4337774237 0 0 0
4337774250 0 0 0
4337774263 0 0 0
4337774276 0 0 0
4337774289 0 0 0
4337774302 0 0 0
4337774315 0 0 0
4337774328 0 0 0
4337774341 0 0 0
4337774354 0 0 0
4337774367 2904 0 2
4337774380 2636 0 1
4337774393 0 0 0
4337774406 0 0 0
4337774419 0 0 0
4337774432 0 0 0
4337774445 2588 0 2
4337774458 0 0 0
4337774471 0 0 0
4337774484 0 0 0
4337774498 0 0 0
4337774511 0 0 0
4337774524 0 0 0
4337774537 0 0 0
4337774550 0 0 0
4337774563 0 0 0
4337774576 0 0 0
4337774589 0 0 0
4337774602 0 0 0
4337774615 0 0 0
4337774628 5248 0 2
4337774641 0 0 0
4337774654 0 0 0
4337774667 0 0 0
4337774680 0 0 0
4337774693 2097 0 3
4337774706 0 0 0
4337774719 0 0 0
4337774732 0 0 0
4337774745 0 0 0
4337774758 0 0 0
4337774771 0 0 0
4337774784 0 0 0
4337774797 0 0 0
4337774810 0 0 0
4337774823 0 0 0
4337774836 0 0 0
4337774849 0 0 0
4337774862 0 0 0
4337774875 5172 0 2
4337774888 0 0 0
4337774901 0 0 0
4337774914 0 0 0
4337774927 0 0 0
4337774941 1714 0 2
4337774954 0 0 0
4337774967 0 0 0
4337774980 0 0 0
4337774993 0 0 0
4337775006 0 0 0
4337775019 0 0 0
4337775032 0 0 0
4337775045 0 0 0
4337775058 0 0 0
4337775071 0 0 0
4337775084 0 0 0
4337775097 0 0 0
4337775110 0 0 0
4337775123 494 0 1
4337775136 4339 0 2
4337775149 0 0 0
4337775162 0 0 0
4337775175 0 0 0
4337775188 0 0 0
4337775201 1438 0 2
4337775214 0 0 0
4337775227 0 0 0
4337775240 0 0 0
4337775253 0 0 0
4337775266 0 0 0
4337775279 0 0 0
4337775292 0 0 0
4337775305 0 0 0
4337775318 0 0 0
4337775331 0 0 0
4337775344 0 0 0
4337775357 0 0 0
4337775370 0 0 0
4337775383 4696 0 2
4337775396 0 0 0
4337775409 0 0 0
4337775422 0 0 0
4337775435 0 0 0
4337775448 1151 0 2
4337775461 0 0 0
4337775474 0 0 0
4337775487 0 0 0
4337775500 0 0 0
4337775513 0 0 0
4337775526 0 0 0
4337775539 0 0 0
4337775552 0 0 0
4337775565 0 0 0
4337775578 0 0 0
4337775591 0 0 0
4337775604 0 0 0
4337775617 0 0 0
4337775630 0 0 3
4337775643 0 0 0
4337775656 0 0 0
4337775669 0 0 0
4337775682 0 0 0
4337775695 0 0 0
4337775708 0 0 13
read 395 profiled data
