4313652428 0 0 0
4313652441 0 0 0
4313652454 0 0 0
4313652467 0 0 0
4313652480 0 0 0
4313652493 0 0 0
4313652506 0 0 0
4313652519 0 0 0
4313652532 0 0 0
4313652545 0 0 0
4313652558 0 0 0
4313652571 0 0 0
4313652584 0 0 0
4313652597 0 0 0
4313652610 0 0 0
4313652623 0 0 0
4313652636 0 0 0
4313652649 0 0 0
4313652662 0 0 0
4313652675 0 0 0
4313652688 0 0 0
4313652701 0 0 0
4313652714 0 0 0
4313652727 0 0 0
4313652740 0 0 0
4313652753 0 0 0
4313652766 0 0 0
4313652779 0 0 0
4313652792 0 0 0
4313652805 0 0 0
4313652818 0 0 0
4313652831 0 0 0
4313652844 0 0 0
4313652857 0 0 0
4313652870 0 0 0
4313652883 0 0 0
4313652896 0 0 0
4313652909 0 0 0
4313652922 0 0 0
4313652935 0 0 0
4313652948 0 0 0
4313652961 0 0 0
4313652974 0 0 0
4313652987 0 0 0
4313653000 0 0 0
4313653013 0 0 0
4313653026 0 0 0
4313653039 0 0 0
4313653052 0 0 0
4313653065 0 0 0
4313653078 0 0 0
4313653091 0 0 0
4313653104 0 0 0
4313653117 0 0 0
4313653130 0 0 0
4313653143 0 0 0
4313653156 0 0 0
4313653169 0 0 0
4313653182 0 0 0
4313653195 0 0 0
4313653208 0 0 0
4313653221 0 0 0
4313653234 0 0 0
4313653247 0 0 0
4313653260 0 0 0
4313653273 0 0 0
4313653286 0 0 0
4313653299 0 0 0
4313653312 0 0 0
4313653325 0 0 0
4313653338 0 0 0
4313653351 0 0 0
4313653364 0 0 0
4313653377 0 0 0
4313653390 0 0 0
4313653403 0 0 0
4313653416 0 0 0
4313653429 0 0 0
4313653442 0 0 0
4313653455 0 0 0
4313653468 0 0 0
4313653481 0 0 0
4313653494 0 0 0
4313653507 0 0 0
4313653520 0 0 0
4313653533 0 0 0
4313653546 0 0 0
4313653559 0 0 0
4313653572 0 0 0
4313653585 0 0 0
4313653598 0 0 0
4313653611 0 0 0
4313653624 0 0 0
4313653637 0 0 0
4313653650 0 0 0
4313653663 0 0 0
4313653676 0 0 0
4313653689 0 0 0
4313653702 0 0 0
4313653715 0 0 0
4313653728 0 0 0
4313653741 0 0 0
4313653754 0 0 0
4313653767 0 0 0
4313653780 0 0 0
4313653793 0 0 0
4313653806 0 0 0
4313653819 0 0 0
4313653832 0 0 0
4313653845 0 0 0
4313653858 0 0 0
4313653871 0 0 0
4313653884 0 0 0
4313653897 89161 5 43
4313653910 126811 1 53
4313653923 131238 1 52
4313653936 29901 0 10
4313653949 0 0 0
4313653962 0 0 0
4313653975 0 0 0
4313653988 0 0 0
4313654001 0 0 0
4313654014 0 0 0
4313654027 0 0 0
4313654040 0 0 0
4313654053 0 0 0
4313654066 0 0 0
4313654079 0 0 0
4313654092 0 0 0
4313654105 0 0 0
4313654118 0 0 0
4313654131 0 0 0
4313654144 0 0 0
4313654157 44954 0 20
4313654170 101267 0 35
4313654183 138716 0 50
4313654196 12062 0 2
4313654209 0 0 0
4313654222 0 0 0
4313654235 0 0 0
4313654248 0 0 0
4313654261 0 0 0
4313654274 0 0 0
4313654287 0 0 0
4313654300 0 0 0
4313654313 0 0 0
4313654326 0 0 0
4313654339 0 0 0
4313654352 0 0 0
4313654365 0 0 0
4313654378 0 0 0
4313654391 0 0 0
4313654404 18141 0 6
4313654417 66311 0 26
4313654430 61721 0 22
4313654443 95707 0 34
4313654456 0 0 0
4313654469 0 0 0
4313654482 0 0 0
4313654495 0 0 0
4313654508 0 0 0
4313654521 0 0 0
4313654534 0 0 0
4313654547 0 0 0
4313654560 0 0 0
4313654573 0 0 0
4313654586 0 0 0
4313654599 0 0 0
4313654612 0 0 0
4313654625 0 0 0
4313654638 0 0 0
4313654651 5906 0 3
4313654664 22649 0 9
4313654677 5760 0 3
4313654690 1178 1 4
4313654703 994 0 3
4313654716 980 3 1
4313654729 1165 0 6
4313654742 1022 0 7
4313654755 1031 1 4
4313654768 1684 1 2
4313654781 304 0 4
4313654794 1215 0 1
4313654807 0 0 0
4313654820 839 0 0
4313654833 427 1 1
4313654846 1684 0 2
4313654859 519 8 3
4313654872 98 10 1
4313654885 1608 0 1
4313654898 893 0 1
4313654911 506 20 1
4313654924 874 33 1
4313654937 327 0 0
4313654950 274 0 1
4313654963 0 0 0
4313654976 595 2 1
4313654989 472 0 1
4313655002 1022 0 2
4313655015 767 38 2
4313655028 1162 63 2
4313655041 660 13 1
4313655054 65 2 0
4313655067 1215 0 1
4313655080 618 0 0
4313655093 250 6 1
4313655106 401 11 0
4313655119 635 35 1
4313655132 654 35 0
4313655145 563 36 0
4313655158 1656 127 2
4313655171 479 36 0
4313655185 290 28 1
4313655198 388 32 1
4313655211 1344 86 2
4313655224 0 0 0
4313655237 394 0 1
4313655250 0 0 0
4313655263 368 0 1
4313655276 443 0 0
4313655289 111 0 1
4313655302 0 0 0
4313655315 0 0 0
4313655328 1282 0 1
4313655341 672 1 1
4313655354 0 0 0
4313655367 538 0 0
4313655380 660 5 2
4313655393 0 0 0
4313655406 1097 51 2
4313655419 832 0 2
4313655432 333 0 1
4313655445 306 10 0
4313655458 317 19 2
4313655471 971 1 0
4313655484 908 1 0
4313655497 939 0 1
4313655510 1704 0 3
4313655523 474 0 1
4313655536 1008 22 3
4313655549 0 0 0
4313655562 1149 18 3
4313655575 89 6 0
4313655588 1376 1 4
4313655601 2360 7 3
4313655614 407 70 1
4313655627 2262 9 2
4313655640 1403 0 1
4313655653 1927 24 4
4313655666 354 0 0
4313655679 982 2 2
4313655692 926 22 2
4313655705 603 9 4
4313655718 1109 188 3
4313655731 1162 37 1
4313655744 1086 67 2
4313655757 751 0 1
4313655770 605 2 2
4313655783 1040 0 3
4313655796 625 0 0
4313655809 1050 10 2
4313655822 880 207 2
4313655835 740 10 2
4313655848 1637 2 2
4313655861 220 21 0
4313655874 482 36 1
4313655888 363 33 0
4313655901 1743 178 2
4313655914 1484 178 0
4313655927 539 44 1
4313655940 2498 2 12
4313655953 295 1 9
4313655966 162 3 16
4313655979 612 13 3
4313655992 12358 13 10
4313656005 6861 21 4
4313656018 7 6 0
4313656031 316 8 1
4313656044 79 20 0
4313656057 100 16 0
4313656070 53 12 0
4313656083 4387 481 5
4313656096 534 76 1
4313656109 529 4 0
4313656122 94 2 0
4313656135 0 0 0
4313656148 0 0 0
4313656161 416 0 1
4313656174 0 0 0
4313656187 26 2 0
4313656200 92 12 1
4313656213 170 17 0
4313656226 267 36 1
4313656239 471 36 1
4313656252 1117 16 2
4313656265 158 36 0
4313656278 479 7 0
4313656291 698 0 0
4313656304 0 0 1
4313656317 412 20 1
4313656330 155 2 0
4313656343 1086 112 6
4313656356 700 62 1
4313656369 740 7 2
4313656383 454 9 13
4313656396 9 0 0
4313656409 0 0 0
4313656422 0 0 0
4313656435 0 0 0
4313656448 0 0 0
4313656461 0 0 0
4313656474 0 0 0
4313656487 0 0 0
4313656500 2 0 4
4313656513 78 5 18
4313656526 0 0 0
4313656539 0 0 0
4313656552 0 0 0
4313656565 0 0 0
4313656578 0 0 0
4313656591 0 0 0
4313656604 0 0 0
4313656617 0 0 0
4313656630 0 0 0
4313656643 0 0 0
4313656656 0 0 0
4313656669 0 0 0
4313656682 0 0 0
4313656695 0 0 0
4313656708 0 0 0
4313656721 0 0 0
4313656734 0 0 0
4313656747 0 0 0
4313656760 35 0 3
4313656773 8732 1 4
4313656786 13868 9 6
4313656799 0 6 0
4313656812 998 1 1
4313656825 1 3 0
4313656838 0 2 0
4313656851 0 0 1
4313656864 165 0 0
4313656877 281 0 1
4313656890 157 0 0
4313656903 159 3 0
4313656916 243 20 0
4313656929 117 36 0
4313656942 5 3 0
4313656955 649 55 1
4313656968 22 5 0
4313656981 71 15 0
4313656994 61 9 0
4313657007 39 6 0
4313657020 107 23 0
4313657033 3338 15 3
4313657046 0 0 0
4313657059 10 0 0
4313657073 708 117 2
4313657086 0 0 0
4313657099 580 110 0
4313657112 710 2 6
4313657125 2 2 7
4313657138 344 5 8
4313657151 60 4 7
4313657164 6304 19 5
4313657178 14848 654 10
4313657191 7412 1177 10
4313657204 156 29 0
4313657218 90 26 0
4313657231 0 2 0
4313657244 0 0 0
4313657257 0 0 0
4313657270 0 0 0
4313657283 480 9 0
4313657296 0 0 0
4313657309 0 0 0
4313657322 0 0 0
4313657335 0 0 0
4313657348 783 107 2
4313657361 557 119 2
4313657374 27 1 0
4313657387 660 3 8
4313657401 161 9 6
4313657414 181 9 20
4313657427 104 9 17
4313657440 94 5 22
4313657454 103 6 22
4313657467 0 0 10
4313657480 0 0 20
4313657493 1 0 19
4313657506 72 2 9
4313657519 9156 14 3
4313657532 8446 414 7
4313657545 12444 634 13
4313657558 471 75 2
4313657571 494 72 0
4313657584 277 9 0
4313657597 157 6 0
4313657610 0 0 0
4313657623 0 0 0
4313657636 0 0 0
4313657649 877 23 1
4313657662 250 14 3
4313657675 302 38 10
4313657688 104 2 26
4313657701 39 11 7
4313657714 4 1 19
4313657727 0 0 16
4313657740 0 0 21
4313657753 4828 2 21
4313657766 6082 231 4
4313657779 22108 1410 22
4313657792 104 8 0
4313657805 620 12 0
4313657818 0 2 0
4313657831 93 5 0
4313657844 0 0 0
4313657857 11 0 0
4313657870 46 6 1
4313657883 188 14 2
4313657896 397 28 0
4313657909 295 68 0
4313657922 62 12 0
4313657935 4302 961 7
4313657948 4266 322 2
4313657961 8720 114 4
4313657974 6717 237 4
4313657987 5159 507 6
4313658000 2264 477 1
4313658013 780 34 1
4313658026 372 2 2
4313658039 237 22 1
4313658052 0 0 0
4313658065 151 30 1
4313658078 148 3 0
4313658091 330 4 0
4313658104 0 0 0
4313658117 154 4 0
4313658130 338 12 0
4313658143 304 10 0
4313658156 1383 47 0
4313658170 351 11 6
4313658183 233 4 0
4313658196 1315 31 1
4313658209 20530 1906 25
4313658222 8072 1280 14
4313658235 219 1 0
4313658248 100 30 0
4313658261 0 0 0
4313658274 0 0 0
4313658287 714 147 1
4313658300 0 0 0
4313658313 94 0 0
4313658326 32 0 0
4313658339 1 0 0
4313658352 0 0 0
4313658365 342 1 0
4313658378 205 18 0
4313658391 609 81 0
4313658404 0 0 2
4313658417 35 5 0
4313658431 0 0 0
4313658444 84 21 1
4313658457 92 3 0
4313658471 21 1 0
4313658484 254 11 0
4313658497 77 5 1
4313658510 121 5 1
4313658523 234 31 1
4313658536 247 0 0
4313658549 275 8 0
4313658562 348 23 0
4313658575 78 20 0
4313658588 662 68 4
4313658601 0 0 0
4313658614 0 0 0
4313658627 0 0 0
4313658640 36 8 0
4313658653 0 0 0
4313658666 3 0 0
4313658679 323 16 7
4313658692 162 4 24
4313658705 375 33 28
4313658718 145 19 8
4313658731 0 0 26
4313658744 202 16 25
4313658757 18 6 4
4313658770 60 6 2
4313658783 1615 36 0
4313658796 30614 2105 31
4313658809 223 11 0
4313658822 190 10 0
4313658836 96 8 0
4313658849 60 4 0
4313658862 129 5 0
4313658875 112 6 0
4313658888 8 1 0
4313658901 0 0 0
4313658914 0 0 0
4313658927 51 1 1
4313658940 410 7 1
4313658953 0 0 0
4313658967 0 0 0
4313658980 0 0 0
4313658993 0 0 1
4313659006 204 22 0
4313659019 101 14 0
4313659032 1579 170 6
4313659045 202 9 30
4313659058 0 0 27
4313659071 0 0 28
4313659084 0 0 26
4313659097 0 0 29
4313659110 0 0 23
4313659123 0 0 28
4313659136 0 0 23
4313659149 0 0 20
4313659162 0 0 18
4313659175 0 0 15
4313659188 0 0 16
4313659201 0 0 24
4313659214 0 0 23
4313659227 0 0 15
4313659240 0 0 18
4313659253 60 4 15
4313659266 253 4 0
4313659279 6174 366 6
4313659292 18388 1570 19
4313659305 5299 905 9
4313659318 531 93 0
4313659331 298 64 0
4313659344 0 0 0
4313659357 449 141 1
4313659370 46 18 0
4313659383 310 2 0
4313659396 179 8 0
4313659409 33 0 1
4313659422 59 12 0
4313659435 0 0 0
4313659448 0 0 0
4313659461 1075 22 1
4313659474 63 1 1
4313659487 179 77 1
4313659501 296 14 1
4313659514 55 13 0
4313659527 0 0 1
4313659541 727 112 2
4313659554 108 16 0
4313659567 92 16 0
4313659580 683 9 0
4313659593 264 15 1
4313659606 260 13 4
4313659620 407 35 5
4313659633 0 0 0
4313659646 1555 88 2
4313659659 920 57 2
4313659672 4190 469 4
4313659685 20 3 1
4313659698 3287 366 3
4313659711 4193 841 11
4313659724 2208 489 8
4313659737 9203 656 12
4313659750 4938 247 3
4313659763 2039 145 2
4313659776 353 77 0
4313659789 293 5 0
4313659802 47 1 0
4313659815 259 15 0
4313659828 542 27 1
4313659841 0 1 0
4313659854 0 0 0
4313659867 373 19 0
4313659880 467 45 0
4313659893 74 15 1
4313659906 149 8 1
4313659919 576 50 0
4313659932 322 44 1
4313659945 0 0 0
4313659958 0 0 0
4313659971 1 0 0
4313659984 0 0 0
4313659997 224 1 0
4313660010 0 0 0
4313660023 0 0 0
4313660036 656 108 1
4313660049 80 8 0
4313660062 566 35 0
4313660075 266 23 3
4313660088 253 30 2
4313660101 93 22 3
4313660114 0 0 0
4313660127 81 10 5
4313660140 307 8 14
4313660153 2576 84 2
4313660166 739 5 1
4313660179 1150 34 0
4313660192 394 22 0
4313660205 1187 25 0
4313660218 344 16 0
4313660231 323 32 0
4313660244 11377 1040 16
4313660257 2206 93 2
4313660270 1970 238 2
4313660283 3159 284 4
4313660296 4095 212 3
4313660310 1984 138 3
4313660323 405 21 0
4313660336 541 40 0
4313660349 483 31 1
4313660362 547 138 0
4313660375 915 58 0
4313660388 251 5 0
4313660401 103 3 0
4313660414 18 5 0
4313660427 50 11 0
4313660440 51 10 0
4313660453 122 35 1
4313660466 331 20 0
4313660479 207 65 0
4313660492 59 6 0
4313660505 56 8 0
4313660518 359 21 0
4313660531 147 14 0
4313660544 1072 94 3
4313660557 195 7 0
4313660570 612 76 4
4313660583 213 38 0
4313660596 26 2 0
4313660609 83 5 0
4313660622 52 5 8
4313660635 114 9 2
4313660648 7 5 0
4313660661 57 11 0
4313660674 0 0 1
4313660687 0 0 0
4313660700 0 0 0
4313660713 0 0 0
4313660726 0 0 1
4313660739 0 0 0
4313660752 24 1 1
4313660765 375 9 0
4313660778 240 21 0
4313660791 198 29 0
4313660804 266 25 2
4313660817 126 18 2
4313660830 151 14 0
4313660843 110 18 0
4313660856 40 8 0
4313660869 188 13 0
4313660882 143 24 0
4313660895 11695 1388 21
4313660908 18600 2445 31
4313660921 238 27 1
4313660935 146 26 1
4313660948 0 0 0
4313660961 42 3 0
4313660974 510 179 0
4313660987 0 0 0
4313661000 91 10 0
4313661013 240 49 0
4313661026 355 40 0
4313661039 279 50 0
4313661052 412 88 0
4313661065 350 50 3
4313661078 216 27 1
4313661091 120 16 0
4313661104 190 30 0
4313661117 327 89 1
4313661130 51 12 0
4313661143 55 12 0
4313661156 456 22 0
4313661169 212 21 0
4313661182 0 0 0
4313661195 0 0 0
4313661208 0 0 0
4313661221 0 0 1
4313661234 0 0 1
4313661247 0 0 0
4313661260 3 1 0
4313661273 139 15 0
4313661286 0 0 0
4313661300 67 3 0
4313661313 25 7 0
4313661326 585 140 0
4313661339 306 78 0
4313661352 156 33 0
4313661365 189 30 0
4313661378 241 45 0
4313661391 123 18 0
4313661404 27 8 0
4313661417 35 9 0
4313661430 65 9 0
4313661443 26 7 0
4313661456 44 9 0
4313661469 31 6 0
4313661482 11 4 0
4313661495 0 0 0
4313661508 0 0 0
4313661521 17 2 0
4313661534 35 8 0
4313661547 386 76 0
4313661560 8 5 0
4313661573 54 7 0
4313661586 946 139 0
4313661599 175 15 0
4313661612 50 7 0
4313661625 5 2 1
4313661638 137 7 4
4313661651 113 6 0
4313661664 3740 242 3
4313661677 2478 588 4
4313661690 2406 292 2
4313661703 5095 1216 10
4313661716 2066 396 5
4313661729 2107 336 6
4313661742 4433 717 5
4313661755 5025 653 6
4313661768 2545 396 6
4313661781 2300 706 3
4313661794 1440 243 4
4313661807 349 26 3
4313661820 0 1 0
4313661833 441 49 2
4313661846 674 55 2
4313661859 530 32 0
4313661872 55 4 1
4313661885 222 38 0
4313661898 0 0 0
4313661911 118 7 1
4313661924 571 54 2
4313661937 105 12 1
4313661950 18 1 0
4313661963 88 11 0
4313661976 18 5 0
4313661989 147 42 0
4313662002 99 16 0
4313662015 416 51 0
4313662028 133 41 0
4313662041 259 72 1
4313662054 90 6 0
4313662067 89 13 0
4313662080 314 30 0
4313662093 254 28 0
4313662106 19 1 0
4313662119 60 11 0
4313662132 289 32 1
4313662145 289 30 0
4313662158 160 21 0
4313662171 364 89 1
4313662184 147 7 0
4313662197 50 9 0
4313662210 202 23 0
4313662223 0 0 0
4313662236 146 43 0
4313662249 74 27 0
4313662262 14 3 1
4313662275 1205 302 1
4313662288 360 44 1
4313662301 147 3 3
4313662314 51 6 0
4313662327 128 19 0
4313662340 164 24 0
4313662353 130 30 0
4313662366 964 222 1
4313662379 97 13 0
4313662392 15516 2610 27
4313662405 429 162 1
4313662418 1240 67 2
4313662431 0 0 0
4313662445 2326 429 2
4313662458 4468 760 4
4313662471 4045 681 5
4313662484 1419 317 3
4313662497 1877 418 4
4313662511 178 39 0
4313662524 143 30 0
4313662537 152 34 0
4313662550 108 25 0
4313662563 145 30 0
4313662576 125 35 0
4313662589 908 256 2
4313662602 74 32 0
4313662615 100 27 1
4313662628 613 156 2
4313662641 841 91 1
4313662654 319 38 1
4313662667 236 49 2
4313662680 386 102 1
4313662693 16 1 0
4313662706 60 4 0
4313662719 27 10 0
4313662732 241 32 0
4313662745 209 9 1
4313662758 62 22 0
4313662771 281 37 0
4313662784 327 68 2
4313662797 379 49 0
4313662810 292 36 1
4313662823 247 30 1
4313662836 16 3 0
4313662849 0 0 0
4313662862 175 59 1
4313662875 33 4 0
4313662888 13 3 0
4313662901 65 3 0
4313662914 0 0 0
4313662927 269 89 1
4313662940 76 20 1
4313662953 51 13 0
4313662966 122 31 0
4313662979 126 8 1
4313662992 100 10 0
4313663005 58 10 0
4313663018 212 23 0
4313663031 539 47 0
4313663044 25 5 0
4313663057 15 4 0
4313663070 14 6 0
4313663083 25 6 0
4313663096 20 7 0
4313663109 18 6 0
4313663122 66 6 0
4313663135 26 4 0
4313663148 36 8 0
4313663161 20 4 0
4313663174 9 5 0
4313663187 27 5 0
4313663200 3 4 0
4313663213 66 6 0
4313663226 35 6 0
4313663239 38 4 0
4313663252 73 6 0
4313663265 68 6 0
4313663278 100 4 0
4313663291 16 6 0
4313663304 91 13 0
4313663317 85 7 0
4313663330 3 6 0
4313663343 7 4 0
4313663356 45 6 0
4313663369 43 5 0
4313663382 135 19 0
4313663395 278 41 0
4313663408 326 62 0
4313663421 299 54 0
4313663435 237 36 0
4313663448 13 9 1
4313663461 92 20 0
4313663474 4011 910 9
4313663487 4166 969 6
4313663500 4136 917 6
4313663513 3542 663 6
4313663526 2269 623 4
4313663539 3532 474 5
4313663552 0 0 0
4313663565 1934 215 3
4313663579 2918 305 2
4313663592 2362 643 3
4313663605 3778 1017 7
4313663618 796 194 0
4313663631 357 95 2
4313663644 258 71 1
4313663657 411 81 0
4313663670 609 109 0
4313663683 229 27 0
4313663696 601 115 0
4313663709 244 47 0
4313663722 428 91 1
4313663735 80 17 0
4313663748 374 76 1
4313663761 130 20 0
4313663774 232 55 0
4313663787 470 174 0
4313663800 64 25 1
4313663813 0 0 0
4313663826 491 81 1
4313663839 75 18 0
4313663852 221 61 0
4313663865 349 45 2
4313663878 148 24 0
4313663891 0 0 0
4313663904 295 90 1
4313663917 280 33 1
4313663930 124 23 0
4313663943 5 1 0
4313663956 0 0 1
4313663969 52 13 0
4313663982 282 53 1
4313663995 4 2 0
4313664008 70 21 0
4313664021 295 41 0
4313664034 0 0 0
4313664047 73 31 0
4313664060 144 59 2
4313664073 27 10 0
4313664086 0 0 0
4313664099 0 0 0
4313664112 114 6 0
4313664125 0 0 0
4313664138 85 7 0
4313664151 0 0 0
4313664164 0 0 0
4313664177 19 3 0
4313664190 21 10 0
4313664203 7 4 0
4313664216 104 25 0
4313664229 241 47 1
4313664242 83 28 0
4313664255 126 23 0
4313664268 45 11 0
4313664281 86 11 0
4313664294 51 10 0
4313664307 186 22 0
4313664320 809 115 3
4313664333 270 39 0
4313664346 1016 132 1
4313664359 2 0 0
4313664372 152 28 13
4313664385 325 97 11
4313664398 41 8 10
4313664411 110 2 10
4313664424 89 28 3
4313664437 326 63 19
4313664450 9 4 6
4313664463 350 79 6
4313664476 604 140 27
4313664489 151 36 44
4313664502 51 4 30
4313664515 32 17 16
4313664528 0 0 23
4313664541 0 0 17
4313664554 10 0 25
4313664567 12 4 27
4313664580 0 0 25
4313664593 0 0 26
4313664606 0 0 29
4313664619 0 0 24
4313664632 0 0 28
4313664645 0 0 23
4313664658 0 0 25
4313664671 0 0 25
4313664684 0 0 19
4313664697 0 0 26
4313664710 0 0 25
4313664723 0 0 32
4313664736 0 0 25
4313664750 12 1 22
4313664763 63 2 0
4313664776 139 24 1
4313664789 141 16 0
4313664802 1310 227 4
4313664816 9739 2226 21
4313664829 2725 670 6
4313664842 1820 736 7
4313664855 2433 736 4
4313664869 2152 631 4
4313664882 1465 593 1
4313664895 3070 642 8
4313664908 3112 1185 9
4313664921 2456 816 5
4313664934 456 53 0
4313664947 823 156 0
4313664960 179 16 0
4313664973 104 9 1
4313664987 383 82 0
4313665000 670 222 1
4313665013 218 102 1
4313665026 207 80 1
4313665039 232 83 0
4313665052 0 0 0
4313665065 733 83 2
4313665078 142 24 1
4313665091 113 19 0
4313665104 126 43 0
4313665117 185 53 0
4313665130 131 39 1
4313665143 105 36 0
4313665156 168 38 0
4313665169 135 36 0
4313665182 105 29 0
4313665195 139 36 0
4313665208 19 10 0
4313665221 36 11 0
4313665234 32 8 0
4313665247 31 12 1
4313665260 28 9 0
4313665273 49 12 0
4313665287 45 12 0
4313665300 45 9 0
4313665313 28 10 0
4313665326 26 9 0
4313665339 23 8 0
4313665352 4 3 0
4313665365 38 9 0
4313665378 35 9 0
4313665391 45 9 0
4313665404 76 8 0
4313665417 22 8 0
4313665430 1 4 0
4313665443 19 4 0
4313665456 12 4 0
4313665469 29 5 0
4313665482 23 5 0
4313665495 10 4 0
4313665508 15 4 0
4313665521 5 4 0
4313665534 2 4 0
4313665547 0 0 1
4313665560 0 0 0
4313665573 60 8 0
4313665586 0 0 0
4313665599 225 50 0
4313665612 44 18 0
4313665625 263 45 1
4313665638 93 41 0
4313665651 146 41 2
4313665664 1 0 0
4313665677 216 78 0
4313665690 64 21 2
4313665703 295 73 0
4313665716 63 8 0
4313665729 73 24 1
4313665742 565 130 2
4313665755 538 146 1
4313665768 176 55 1
4313665781 212 56 0
4313665794 500 163 1
4313665807 121 36 0
4313665820 17 2 0
4313665833 125 30 0
4313665846 93 36 0
4313665859 70 36 0
4313665872 186 88 1
4313665885 73 35 2
4313665898 175 69 1
4313665911 110 55 0
4313665924 99 36 0
4313665937 84 33 0
4313665950 21 6 0
4313665963 161 27 0
4313665976 113 33 2
4313665989 148 33 1
4313666002 143 40 0
4313666015 60 33 1
4313666028 116 36 0
4313666042 616 184 2
4313666055 141 23 0
4313666068 361 109 0
4313666081 237 76 0
4313666094 238 104 1
4313666107 30 3 3
4313666120 52 15 0
4313666134 408 119 0
4313666147 18 7 0
4313666160 121 28 0
4313666173 51 26 2
4313666186 192 83 12
4313666199 502 164 50
4313666212 209 73 47
4313666225 0 0 49
4313666238 27 15 48
4313666251 92 34 35
4313666264 11 1 8
4313666277 106 24 0
4313666290 101 33 0
4313666303 1313 447 6
4313666316 11536 3983 33
4313666329 4083 1534 11
4313666342 1524 362 1
4313666355 923 273 2
4313666368 1167 523 4
4313666381 910 406 2
4313666394 2101 794 6
4313666407 1045 341 4
4313666420 1979 577 6
4313666433 0 0 2
4313666446 0 0 1
4313666459 0 0 3
4313666472 0 0 2
4313666485 0 0 0
4313666498 0 0 4
4313666511 0 0 1
4313666524 0 0 3
4313666537 0 0 1
4313666550 0 0 0
4313666563 1532 558 8
4313666576 6725 2554 20
4313666589 126 51 0
4313666602 181 60 0
4313666615 135 47 0
4313666628 41 12 0
4313666641 75 18 0
4313666654 130 45 0
4313666667 184 48 0
4313666680 173 38 0
4313666693 117 36 1
4313666706 134 38 0
4313666719 153 33 0
4313666732 44 17 0
4313666745 25 9 0
4313666758 30 9 1
4313666771 42 9 0
4313666784 22 11 0
4313666797 12 9 0
4313666810 23 8 0
4313666823 50 18 0
4313666836 48 16 0
4313666849 47 16 0
4313666862 26 9 0
4313666875 8 9 2
4313666888 0 7 0
4313666901 0 3 0
4313666914 0 5 0
4313666927 0 3 0
4313666940 0 0 0
4313666953 0 0 0
4313666966 0 0 0
4313666979 0 0 0
4313666992 0 0 0
4313667005 0 0 0
4313667018 84 36 1
4313667031 0 0 0
4313667044 4 1 0
4313667057 10 5 0
4313667070 151 71 0
4313667083 48 14 0
4313667096 310 112 1
4313667109 161 52 2
4313667122 335 108 1
4313667135 0 0 0
4313667148 141 80 1
4313667161 227 75 1
4313667174 353 80 1
4313667187 0 0 0
4313667200 0 0 0
4313667213 70 35 0
4313667226 40 22 0
4313667239 37 9 0
4313667252 90 27 0
4313667265 28 15 0
4313667278 111 36 0
4313667291 347 144 1
4313667304 79 36 0
4313667317 89 32 1
4313667330 45 27 0
4313667343 199 63 1
4313667356 96 36 1
4313667369 343 147 0
4313667382 76 48 0
4313667395 0 0 0
4313667408 46 19 1
4313667421 0 0 0
4313667434 0 0 0
4313667447 16 5 0
4313667460 27 14 0
4313667473 680 332 3
4313667486 47 14 4
4313667499 85 34 0
4313667512 78 24 0
4313667526 130 39 0
4313667539 90 30 0
4313667552 159 64 0
4313667565 388 147 1
4313667578 418 147 1
4313667591 481 181 1
4313667604 374 147 2
4313667617 293 94 0
4313667630 198 88 1
4313667643 153 56 0
4313667656 58 27 0
4313667669 207 75 3
4313667682 20 7 0
4313667695 41 20 0
4313667708 2 3 0
4313667721 172 100 1
4313667734 63 39 0
4313667747 1 0 0
4313667760 30 10 0
4313667773 1 2 0
4313667787 33 11 0
4313667801 212 95 4
4313667814 5 2 5
4313667827 52 12 0
4313667840 681 271 9
4313667853 921 392 2
4313667866 801 211 4
4313667879 0 0 0
4313667892 0 0 2
4313667905 301 188 2
4313667918 944 529 4
4313667931 0 0 0
4313667944 0 0 0
4313667957 0 0 0
4313667970 0 0 0
4313667983 0 0 0
4313667996 0 0 0
4313668009 0 0 0
4313668022 34 1 0
4313668035 20 9 0
4313668048 280 119 0
4313668061 7025 3504 40
4313668074 2424 1387 10
4313668087 1627 713 5
4313668100 1426 744 7
4313668113 2897 1360 12
4313668126 2554 1020 10
4313668139 135 94 0
4313668152 0 0 2
4313668165 509 277 4
4313668178 528 339 2
4313668191 0 0 1
4313668204 0 0 3
4313668217 0 0 0
4313668230 0 0 2
4313668243 0 0 3
4313668256 0 0 3
4313668269 0 0 4
4313668282 161 54 9
4313668295 373 149 2
4313668308 1150 435 4
4313668321 4962 2557 25
4313668334 5225 3063 32
4313668347 1366 1071 10
4313668360 748 534 3
4313668373 147 36 0
4313668386 0 0 0
4313668399 21 9 0
4313668412 61 30 0
4313668425 93 39 0
4313668438 75 36 0
4313668451 81 32 0
4313668464 60 36 1
4313668477 56 31 0
4313668490 64 33 1
4313668503 64 32 0
4313668516 41 33 1
4313668530 50 33 0
4313668543 56 39 0
4313668556 73 29 0
4313668569 65 42 1
4313668582 65 29 0
4313668595 108 41 0
4313668608 67 34 0
4313668621 56 39 0
4313668634 65 39 0
4313668647 31 36 0
4313668660 57 32 0
4313668673 17 9 0
4313668687 12 11 0
4313668700 7 9 0
4313668713 15 9 0
4313668726 10 9 0
4313668739 18 9 0
4313668752 19 21 0
4313668765 8 8 0
4313668778 14 9 0
4313668791 22 12 0
4313668804 18 9 0
4313668817 10 9 0
4313668830 28 9 0
4313668843 18 8 0
4313668856 5 9 0
4313668869 28 12 0
4313668882 40 18 0
4313668895 35 23 0
4313668908 44 24 0
4313668921 69 33 0
4313668934 28 16 0
4313668947 14 17 0
4313668960 62 26 1
4313668973 52 27 0
4313668986 55 27 2
4313668999 53 36 0
4313669012 65 23 0
4313669025 43 24 0
4313669038 35 23 0
4313669051 45 27 0
4313669064 35 23 0
4313669077 34 21 0
4313669090 32 27 0
4313669103 47 30 0
4313669116 56 29 0
4313669129 22 15 0
4313669142 7 9 0
4313669155 22 12 0
4313669168 12 11 0
4313669181 11 9 0
4313669194 16 5 0
4313669207 16 9 2
4313669220 12 9 0
4313669233 19 9 0
4313669246 52 20 0
4313669259 15 9 0
4313669272 15 8 0
4313669285 26 9 0
4313669298 18 15 0
4313669311 17 9 0
4313669324 21 12 0
4313669337 12 9 0
4313669350 28 11 0
4313669363 21 9 0
4313669376 28 12 0
4313669389 83 23 0
4313669402 72 27 0
4313669415 71 32 0
4313669428 59 24 0
4313669441 50 27 1
4313669455 42 27 0
4313669468 86 25 0
4313669481 29 21 0
4313669494 36 21 0
4313669507 47 30 0
4313669520 29 27 0
4313669533 36 27 0
4313669546 50 21 0
4313669559 38 30 0
4313669572 36 26 0
4313669585 33 24 1
4313669598 30 24 0
4313669611 49 36 0
4313669624 44 23 0
4313669638 15 9 0
4313669651 11 8 0
4313669664 12 12 0
4313669677 23 8 0
4313669690 24 9 0
4313669703 12 12 0
4313669716 26 12 0
4313669729 17 8 0
4313669742 442 321 8
4313669755 933 545 6
4313669768 12 9 0
4313669781 9 9 0
4313669794 21 9 0
4313669807 29 9 0
4313669820 5 9 0
4313669833 12 8 0
4313669846 9 9 0
4313669859 10 12 0
4313669872 10 9 0
4313669885 38 21 0
4313669898 40 23 0
4313669911 53 33 2
4313669924 26 21 0
4313669938 32 18 0
4313669951 13 5 0
4313669964 34 15 0
4313669977 33 21 0
4313669990 12 18 0
4313670003 50 20 0
4313670016 43 30 0
4313670029 39 33 0
4313670042 430 273 3
4313670055 49 36 0
4313670068 21 21 0
4313670081 31 26 0
4313670094 35 24 0
4313670107 25 27 1
4313670120 22 24 0
4313670133 8 14 0
4313670146 5 9 0
4313670159 9 8 0
4313670172 5 9 0
4313670185 31 17 0
4313670198 15 14 0
4313670211 19 8 0
4313670224 8 9 0
4313670237 25 9 0
4313670250 21 15 0
4313670263 19 9 0
4313670276 17 9 0
4313670289 10 8 0
4313670302 28 15 1
4313670315 4 9 0
4313670328 15 9 0
4313670341 27 12 0
4313670354 13 8 0
4313670367 20 12 0
4313670380 31 18 0
4313670393 32 27 0
4313670406 27 23 0
4313670419 35 24 0
4313670432 22 22 0
4313670445 1368 786 8
4313670458 33 27 0
4313670471 51 24 0
4313670484 40 24 0
4313670497 34 20 0
4313670510 29 24 1
4313670523 14 24 0
4313670536 30 27 0
4313670549 40 34 0
4313670562 926 626 8
4313670575 0 0 0
4313670589 0 2 0
4313670602 4 2 0
4313670615 20 11 0
4313670628 61 34 0
4313670641 42 25 0
4313670654 83 33 0
4313670667 60 30 1
4313670680 139 62 0
4313670693 3 9 0
4313670706 36 49 2
4313670719 280 192 4
4313670732 172 136 2
4313670746 64 49 0
4313670759 11 9 0
4313670772 18 18 0
4313670785 13 9 0
4313670798 18 8 0
4313670811 14 8 0
4313670824 2 6 0
4313670837 17 10 0
4313670850 10 9 0
4313670863 21 12 0
4313670876 15 12 1
4313670889 22 24 0
4313670902 18 17 0
4313670915 2624 1847 19
4313670928 940 625 7
4313670941 793 538 4
4313670954 1365 727 7
4313670967 1073 700 2
4313670980 634 437 4
4313670993 831 606 2
4313671006 1935 808 10
4313671019 423 331 6
4313671032 544 430 2
4313671045 0 0 1
4313671058 0 0 1
4313671071 0 0 0
4313671084 0 0 1
4313671097 0 0 1
4313671110 0 0 1
4313671123 0 0 2
4313671136 0 0 0
4313671149 0 0 0
4313671162 2 7 1
4313671175 3218 2164 20
4313671188 2392 2259 16
4313671201 1328 1019 6
4313671214 1457 1076 8
4313671227 2069 1334 15
4313671240 2247 1288 14
4313671253 985 648 4
4313671266 1687 570 3
4313671279 278 223 4
4313671292 508 348 5
4313671305 0 0 1
4313671318 0 0 1
4313671331 0 0 2
4313671344 0 0 2
4313671357 0 0 1
4313671370 0 0 0
4313671383 0 0 1
4313671396 0 0 3
4313671409 0 0 4
4313671422 56 55 3
4313671435 2202 2140 16
4313671448 2730 2617 22
4313671461 1401 1066 5
4313671474 603 628 3
4313671487 90 72 0
4313671500 31 39 0
4313671513 61 42 0
4313671526 47 35 0
4313671539 74 39 0
4313671552 49 29 0
4313671565 4 9 0
4313671578 25 12 0
4313671591 16 9 0
4313671604 24 14 0
4313671617 4 8 0
4313671630 18 4 1
4313671643 0 0 0
4313671656 0 0 0
4313671669 0 0 0
4313671682 77 56 0
4313671695 23 16 0
4313671708 19 10 0
4313671721 9 8 0
4313671734 35 14 0
4313671747 47 32 0
4313671760 26 11 0
4313671773 26 9 0
4313671786 3 9 0
4313671799 20 9 0
4313671812 5 8 0
4313671825 7 9 1
4313671838 2 5 0
4313671851 25 9 0
4313671864 6 7 0
4313671877 4 8 0
4313671890 22 17 0
4313671903 19 24 0
4313671916 30 27 0
4313671929 18 24 0
4313671942 29 32 0
4313671955 39 27 0
4313671968 23 26 2
4313671981 41 27 0
4313671994 56 30 1
4313672007 845 676 8
4313672020 25 24 0
4313672033 24 24 1
4313672046 21 27 0
4313672059 19 18 0
4313672072 13 9 0
4313672085 5 8 0
4313672098 12 9 0
4313672111 11 12 0
4313672124 7 9 0
4313672137 2 7 0
4313672150 1 3 0
4313672163 21 5 0
4313672176 1 4 0
4313672190 1 5 0
4313672203 0 1 0
4313672216 0 0 0
4313672229 0 0 0
4313672242 0 0 0
4313672255 0 0 1
4313672268 137 98 0
4313672281 1 0 0
4313672294 162 77 1
4313672307 0 0 0
4313672320 376 345 2
4313672333 130 116 1
4313672346 27 53 0
4313672359 62 89 0
4313672372 90 99 2
4313672385 27 42 1
4313672398 22 32 1
4313672411 15 34 0
4313672424 17 31 0
4313672437 49 55 0
4313672450 27 32 1
4313672463 27 34 0
4313672476 23 32 0
4313672489 27 36 1
4313672502 13 29 0
4313672515 36 36 0
4313672528 36 35 1
4313672541 23 34 0
4313672554 41 36 0
4313672567 29 29 0
4313672580 10 35 0
4313672593 34 36 0
4313672606 36 36 1
4313672619 74 110 1
4313672632 388 141 0
4313672645 87 33 0
4313672658 102 36 0
4313672671 104 36 0
4313672684 43 35 1
4313672697 68 36 0
4313672710 66 36 0
4313672723 80 36 0
4313672736 64 33 0
4313672749 89 40 1
4313672762 58 33 1
4313672775 70 35 0
4313672788 212 155 2
4313672801 204 143 1
4313672814 478 403 3
4313672827 448 524 5
4313672841 204 171 2
4313672854 291 272 1
4313672867 158 142 1
4313672880 53 42 2
4313672893 53 36 0
4313672906 60 35 0
4313672919 50 39 0
4313672932 138 92 1
4313672945 39 36 0
4313672958 48 36 0
4313672971 30 33 1
4313672984 52 34 1
4313672997 48 37 0
4313673010 49 32 0
4313673023 63 36 1
4313673036 166 218 1
4313673049 47 36 0
4313673062 67 32 0
4313673075 59 39 0
4313673088 25 32 0
4313673101 25 21 0
4313673114 16 8 0
4313673127 7 9 0
4313673140 8 7 0
4313673153 5 6 0
4313673166 7 6 0
4313673179 13 8 1
4313673192 6 4 0
4313673205 4 4 0
4313673218 2 4 0
4313673231 6 12 0
4313673244 20 15 0
4313673257 18 9 0
4313673270 6 12 0
4313673283 23 12 0
4313673296 40 24 0
4313673309 39 27 0
4313673322 95 42 0
4313673335 104 57 2
4313673348 427 316 3
4313673361 14 9 0
4313673374 13 9 0
4313673387 28 27 0
4313673400 144 54 0
4313673413 36 24 0
4313673426 64 30 0
4313673439 28 24 0
4313673452 52 30 0
4313673465 39 39 0
4313673478 41 27 0
4313673491 40 30 1
4313673504 660 588 8
4313673517 85 74 1
4313673530 18 27 0
4313673543 22 26 0
4313673556 21 19 0
4313673569 6 12 0
4313673582 1 8 0
4313673595 10 9 0
4313673608 11 12 0
4313673621 5 12 0
4313673634 8 10 0
4313673647 9 9 0
4313673660 9 9 0
4313673673 6 9 0
4313673686 9 10 0
4313673699 0 3 0
4313673712 0 0 0
4313673725 0 0 0
4313673738 0 0 0
4313673751 2 0 0
4313673764 18 6 0
4313673777 28 8 0
4313673790 31 10 0
4313673803 40 17 0
4313673816 65 24 0
4313673829 96 27 0
4313673842 44 19 0
4313673855 575 274 2
4313673868 90 42 0
4313673881 133 107 0
4313673894 489 423 2
4313673907 317 158 2
4313673920 43 49 0
4313673933 288 350 3
4313673946 141 172 2
4313673959 267 303 1
4313673972 7 7 0
4313673985 12 11 0
4313673998 332 394 3
4313674011 13 10 0
4313674024 30 23 1
4313674038 321 270 2
4313674051 494 383 2
4313674064 91 102 0
4313674077 7 5 6
4313674091 19 10 0
4313674104 38 27 0
4313674117 303 344 3
4313674130 21 34 0
4313674144 0 2 2
4313674157 26 13 0
4313674170 9 15 6
4313674183 5 5 10
4313674196 38 18 6
4313674209 12 8 0
4313674222 40 48 4
4313674235 3 8 0
4313674248 19 15 4
4313674261 10 9 0
4313674274 38 21 0
4313674287 2748 2629 31
4313674300 3266 3082 31
4313674313 295 292 3
4313674326 246 271 2
4313674339 943 955 6
4313674352 0 0 0
4313674365 434 138 1
4313674378 0 0 0
4313674391 0 0 0
4313674404 0 0 0
4313674417 0 0 0
4313674430 0 0 0
4313674443 0 0 0
4313674456 0 0 0
4313674469 0 0 0
4313674482 0 0 0
4313674495 0 0 0
4313674508 0 0 0
4313674521 0 0 0
4313674534 312 289 1
4313674547 1190 1314 17
4313674561 4662 3875 54
4313674574 2429 2080 14
4313674587 0 0 0
4313674600 999 834 5
4313674613 501 213 1
4313674626 0 0 0
4313674639 0 0 0
4313674652 0 0 0
4313674665 0 0 0
4313674678 0 0 0
4313674691 0 0 0
4313674704 0 0 0
4313674717 0 0 0
4313674730 0 0 0
4313674743 0 0 0
4313674756 0 0 0
4313674769 0 0 0
4313674782 0 0 0
4313674795 50 45 1
4313674808 718 666 8
4313674821 2915 2033 21
4313674834 2626 1944 19
4313674847 632 366 3
4313674860 649 482 2
4313674873 560 347 2
4313674886 0 0 0
4313674899 0 0 0
4313674912 0 0 0
4313674925 0 0 0
4313674938 0 0 0
4313674951 0 0 0
4313674964 0 0 0
4313674977 0 0 0
4313674990 0 0 0
4313675003 0 0 0
4313675016 0 0 0
4313675029 0 0 0
4313675042 0 0 0
4313675055 0 0 0
4313675068 362 307 5
4313675081 1118 623 15
4313675094 2635 1816 22
4313675108 446 194 2
4313675121 940 484 5
4313675134 184 132 0
4313675147 0 0 0
4313675160 0 0 0
4313675173 0 0 0
4313675186 0 0 0
4313675199 0 0 0
4313675212 0 0 0
4313675225 0 0 0
4313675238 0 0 0
4313675251 0 0 0
4313675264 0 0 0
4313675277 0 0 0
4313675290 0 0 0
4313675303 0 0 0
4313675316 182 110 1
4313675329 634 217 7
4313675342 849 622 9
4313675355 1726 989 9
4313675368 255 104 4
4313675381 669 456 2
4313675394 0 0 0
4313675407 0 0 0
4313675420 0 0 0
4313675433 0 0 0
4313675446 0 0 0
4313675459 0 0 0
4313675472 0 0 0
4313675485 0 0 0
4313675498 0 0 0
4313675511 0 0 0
4313675524 0 0 0
4313675537 0 0 0
4313675550 0 0 0
4313675563 0 0 0
4313675576 0 0 0
4313675589 400 86 2
4313675602 1061 724 14
4313675615 1077 472 5
4313675628 0 0 0
4313675641 559 297 1
4313675654 0 0 0
4313675667 0 0 0
4313675680 0 0 0
4313675693 0 0 0
4313675706 0 0 0
4313675719 0 0 0
4313675732 0 0 0
4313675745 0 0 0
4313675758 0 0 0
4313675771 0 0 0
4313675784 0 0 0
4313675797 0 0 0
4313675810 0 0 0
4313675823 0 0 0
4313675836 311 72 2
4313675849 7 9 5
4313675862 521 198 3
4313675875 362 165 0
4313675889 238 122 1
4313675902 267 131 2
4313675915 0 0 0
4313675928 0 0 0
4313675941 0 0 0
4313675954 0 0 0
4313675967 0 0 0
4313675980 0 0 0
4313675993 0 0 0
4313676006 0 0 0
4313676019 0 0 0
4313676032 0 0 0
4313676045 0 0 0
4313676058 0 0 0
4313676071 0 0 0
4313676084 135 22 1
4313676097 150 28 0
4313676110 0 0 0
4313676123 780 314 0
4313676136 0 0 0
4313676149 394 218 1
4313676162 0 0 0
4313676175 0 0 0
4313676188 0 0 0
4313676201 0 0 0
4313676214 0 0 0
4313676227 0 0 0
4313676240 0 0 0
4313676253 0 0 0
4313676266 0 0 0
4313676279 0 0 0
4313676292 0 0 0
4313676305 0 0 0
4313676318 0 0 0
4313676331 0 0 0
4313676344 0 0 0
4313676357 0 0 0
4313676370 343 144 3
4313676383 0 0 0
4313676396 0 0 0
4313676409 331 167 1
4313676422 0 0 0
4313676435 0 0 0
4313676448 0 0 0
4313676461 0 0 0
4313676474 0 0 0
4313676487 0 0 0
4313676500 0 0 0
4313676513 0 0 0
4313676526 0 0 0
4313676539 0 0 0
4313676552 0 0 0
4313676565 0 0 0
4313676578 0 0 0
4313676591 0 0 0
4313676604 0 0 0
4313676617 0 0 0
4313676630 314 129 1
4313676643 0 0 0
4313676656 6 3 4
4313676669 0 0 0
4313676682 0 0 0
4313676695 0 0 0
4313676708 0 0 0
4313676721 0 0 0
4313676734 0 0 0
4313676747 0 0 0
4313676760 0 0 0
4313676773 0 0 0
4313676786 0 0 0
4313676799 0 0 0
4313676812 0 0 0
4313676825 0 0 0
4313676838 0 0 0
4313676851 0 0 0
4313676864 0 0 0
4313676877 5 13 5
4313676890 0 0 0
4313676903 0 0 0
4313676916 0 0 0
4313676929 0 0 0
4313676942 0 0 0
4313676955 0 0 0
4313676968 0 0 0
4313676981 0 0 0
4313676994 0 0 0
4313677007 0 0 0
4313677020 0 0 0
4313677033 0 0 0
4313677046 0 0 0
4313677059 0 0 0
4313677072 0 0 0
4313677085 0 0 0
4313677098 0 0 0
4313677111 0 0 0
4313677124 0 0 0
4313677137 0 0 0
4313677150 0 0 0
4313677163 0 0 0
4313677176 0 0 0
4313677189 0 0 0
4313677202 0 0 0
4313677215 0 0 0
4313677228 0 0 0
4313677241 0 0 0
4313677254 0 0 0
4313677267 0 0 0
4313677280 0 0 0
4313677293 0 0 0
4313677306 0 0 0
4313677319 0 0 0
4313677332 0 0 0
4313677345 0 0 0
4313677358 0 0 0
4313677371 0 0 0
4313677384 0 0 0
4313677397 0 0 0
4313677410 0 0 0
4313677423 0 0 0
4313677436 0 0 0
4313677449 0 0 0
4313677462 0 0 0
4313677475 0 0 0
4313677488 0 0 0
4313677501 0 0 0
4313677514 0 0 0
4313677527 0 0 0
4313677540 0 0 0
4313677553 0 0 0
4313677566 0 0 0
4313677579 0 0 0
4313677592 0 0 0
4313677605 0 0 0
4313677618 0 0 0
4313677631 0 0 0
4313677644 0 0 0
4313677657 0 0 0
4313677670 0 0 0
4313677683 0 0 0
4313677696 0 0 0
4313677709 0 0 0
4313677722 0 0 0
4313677735 0 0 0
4313677748 0 0 0
4313677761 0 0 0
4313677774 0 0 0
4313677787 0 0 0
4313677800 0 0 0
4313677813 0 0 0
4313677826 0 0 0
4313677839 0 0 0
4313677852 0 0 0
4313677865 0 0 0
4313677878 0 0 0
4313677891 0 0 0
4313677904 0 0 0
4313677917 0 0 0
4313677930 0 0 0
4313677943 0 0 0
4313677956 0 0 0
4313677969 0 0 0
4313677982 0 0 0
4313677995 0 0 0
4313678008 0 0 0
4313678021 0 0 0
4313678034 0 0 0
4313678047 0 0 0
4313678060 0 0 0
4313678073 0 0 0
4313678086 0 0 0
4313678099 0 0 0
4313678112 0 0 0
4313678125 0 0 0
4313678138 0 0 0
4313678151 0 0 0
4313678164 0 0 0
4313678177 0 0 0
4313678190 0 0 0
4313678203 0 0 0
4313678216 0 0 0
4313678229 0 0 0
4313678242 0 0 0
4313678255 0 0 0
4313678268 0 0 0
4313678281 0 0 0
4313678294 0 0 0
4313678307 0 0 0
4313678320 0 0 0
4313678333 0 0 0
4313678346 0 0 0
4313678359 0 0 0
4313678372 0 0 0
4313678385 0 0 0
4313678398 0 0 0
4313678411 0 0 0
4313678424 0 0 0
4313678437 0 0 0
4313678450 0 0 0
4313678463 0 0 0
4313678476 0 0 0
4313678489 0 0 0
4313678502 0 0 0
4313678515 0 0 0
4313678528 0 0 0
4313678541 0 0 0
4313678554 0 0 0
4313678567 0 0 0
4313678580 0 0 0
4313678593 0 0 0
4313678606 0 0 0
4313678619 0 0 0
4313678632 0 0 0
4313678645 0 0 0
4313678658 0 0 0
4313678671 0 0 0
4313678684 0 0 0
4313678697 0 0 0
4313678710 0 0 0
4313678723 0 0 0
4313678736 0 0 0
4313678749 0 0 0
4313678762 0 0 0
4313678775 0 0 0
4313678788 0 0 0
4313678801 0 0 0
4313678814 0 0 0
4313678827 0 0 0
4313678840 0 0 0
4313678853 0 0 0
4313678866 0 0 0
4313678879 0 0 0
4313678892 0 0 0
4313678905 0 0 0
4313678918 0 0 0
4313678931 0 0 0
4313678944 0 0 0
4313678957 0 0 0
4313678970 0 0 0
4313678983 0 0 0
4313678996 0 0 0
4313679009 0 0 0
4313679022 0 0 0
4313679035 0 0 0
4313679048 0 0 0
4313679061 0 0 0
4313679074 0 0 0
4313679087 0 0 0
4313679100 0 0 0
4313679113 0 0 0
4313679126 0 0 0
4313679139 0 0 0
4313679152 0 0 0
4313679165 0 0 0
4313679178 0 0 0
4313679191 0 0 0
4313679204 0 0 0
4313679217 0 0 0
4313679230 0 0 0
4313679243 0 0 0
4313679256 0 0 0
4313679269 0 0 0
4313679282 0 0 0
4313679295 0 0 0
4313679308 0 0 0
4313679321 0 0 0
4313679334 0 0 0
4313679347 0 0 0
4313679360 0 0 0
4313679373 0 0 0
4313679386 0 0 0
4313679399 0 0 0
4313679412 0 0 0
4313679425 0 0 0
4313679438 0 0 0
4313679451 0 0 0
4313679464 0 0 0
4313679477 0 0 0
4313679490 0 0 0
4313679503 0 0 0
4313679516 0 0 0
4313679529 0 0 0
4313679542 0 0 0
4313679555 0 0 0
4313679568 0 0 0
4313679581 0 0 0
4313679594 0 0 0
4313679607 0 0 0
4313679620 0 0 0
4313679633 0 0 0
4313679646 0 0 0
4313679659 0 0 0
4313679672 0 0 0
4313679685 0 0 0
4313679698 0 0 0
4313679711 0 0 0
4313679724 0 0 0
4313679737 0 0 0
4313679750 0 0 0
4313679763 0 0 0
4313679776 0 0 0
4313679789 0 0 0
4313679802 0 0 0
4313679815 0 0 0
4313679828 0 0 0
4313679841 0 0 0
4313679854 0 0 0
4313679867 0 0 0
4313679880 0 0 0
4313679893 0 0 0
4313679906 0 0 0
4313679919 0 0 0
4313679932 0 0 0
4313679945 0 0 0
4313679958 0 0 0
4313679971 0 0 0
4313679984 0 0 0
4313679997 0 0 0
4313680010 0 0 0
4313680023 0 0 0
4313680036 0 0 0
4313680049 0 0 0
4313680062 0 0 0
4313680075 0 0 0
4313680088 0 0 0
4313680101 0 0 0
4313680114 0 0 0
4313680127 0 0 0
4313680140 0 0 0
4313680153 0 0 0
4313680166 0 0 0
4313680179 0 0 0
4313680192 0 0 0
4313680205 0 0 0
4313680218 0 0 0
4313680231 0 0 0
4313680244 0 0 0
4313680257 0 0 0
4313680270 0 0 0
4313680283 0 0 0
4313680296 0 0 0
4313680309 0 0 0
4313680322 0 0 0
4313680335 0 0 0
4313680348 0 0 0
4313680361 0 0 0
4313680374 0 0 0
4313680387 0 0 0
4313680400 0 0 0
4313680413 0 0 0
4313680426 0 0 0
4313680439 0 0 0
4313680452 0 0 0
4313680465 0 0 0
4313680478 0 0 0
4313680491 0 0 0
4313680504 0 0 0
4313680517 0 0 0
4313680530 0 0 0
4313680543 0 0 0
4313680556 0 0 0
4313680569 0 0 0
4313680582 0 0 0
4313680595 0 0 0
4313680608 0 0 0
4313680621 0 0 0
4313680634 0 0 0
4313680647 0 0 0
4313680660 0 0 0
4313680673 0 0 0
4313680686 0 0 0
4313680699 0 0 0
4313680712 0 0 0
4313680725 0 0 0
4313680738 0 0 0
4313680751 0 0 0
4313680764 0 0 0
4313680777 0 0 0
4313680790 0 0 0
4313680803 0 0 0
4313680816 0 0 0
4313680829 0 0 0
4313680842 0 0 0
4313680855 0 0 0
4313680868 0 0 0
4313680881 0 0 0
4313680894 0 0 0
4313680907 0 0 0
4313680920 0 0 0
4313680933 0 0 0
4313680946 0 0 0
4313680959 0 0 0
4313680972 0 0 0
4313680985 0 0 0
4313680998 0 0 0
4313681011 0 0 0
4313681024 0 0 0
4313681037 0 0 0
4313681050 0 0 0
4313681063 0 0 0
4313681076 0 0 0
4313681089 0 0 0
4313681102 0 0 0
4313681115 0 0 0
4313681128 0 0 0
4313681141 0 0 0
4313681154 0 0 0
4313681167 0 0 0
4313681180 0 0 0
4313681193 0 0 0
4313681206 0 0 0
4313681219 0 0 0
4313681232 0 0 0
4313681245 0 0 0
4313681258 0 0 0
4313681271 0 0 0
4313681284 0 0 0
4313681297 0 0 0
4313681310 0 0 0
4313681323 0 0 0
4313681336 0 0 0
4313681349 0 0 0
4313681362 0 0 0
4313681375 0 0 0
4313681388 0 0 0
4313681401 0 0 0
4313681414 0 0 0
4313681427 0 0 0
4313681440 0 0 0
4313681453 0 0 0
4313681466 0 0 0
4313681479 0 0 0
4313681492 0 0 0
4313681505 0 0 0
4313681518 0 0 0
4313681531 0 0 0
4313681544 0 0 0
4313681557 0 0 0
4313681570 0 0 0
4313681583 0 0 0
4313681596 0 0 0
4313681609 0 0 0
4313681622 0 0 0
4313681635 0 0 0
4313681648 0 0 0
4313681661 0 0 0
4313681674 0 0 0
4313681687 0 0 0
4313681700 0 0 0
4313681713 0 0 0
4313681726 0 0 0
4313681739 0 0 0
4313681752 0 0 0
4313681765 0 0 0
4313681778 0 0 0
4313681791 0 0 0
4313681804 0 0 0
4313681817 0 0 0
4313681830 0 0 0
4313681843 0 0 0
4313681856 0 0 0
4313681869 0 0 0
4313681882 0 0 0
4313681895 0 0 0
4313681908 0 0 0
4313681921 0 0 0
4313681934 0 0 0
4313681947 0 0 0
4313681960 0 0 0
4313681973 0 0 0
4313681986 0 0 0
4313681999 0 0 0
4313682012 0 0 0
4313682025 0 0 0
4313682038 0 0 0
4313682051 0 0 0
4313682064 0 0 0
4313682077 0 0 0
4313682090 0 0 0
4313682103 0 0 0
4313682116 0 0 0
4313682129 0 0 0
4313682142 0 0 0
4313682155 0 0 0
4313682168 0 0 0
4313682181 0 0 0
4313682194 0 0 0
4313682207 0 0 0
4313682220 0 0 0
4313682233 0 0 0
4313682246 0 0 0
4313682259 0 0 0
4313682272 0 0 0
4313682285 0 0 0
4313682298 0 0 0
4313682311 0 0 0
4313682324 0 0 0
4313682337 0 0 0
4313682350 0 0 0
4313682363 0 0 0
4313682376 0 0 0
4313682389 0 0 0
4313682402 0 0 0
4313682415 0 0 0
4313682428 0 0 0
4313682441 0 0 0
4313682454 0 0 0
4313682467 0 0 0
4313682480 0 0 0
4313682493 0 0 0
4313682506 0 0 0
4313682519 0 0 0
4313682532 0 0 0
4313682545 0 0 0
4313682558 0 0 0
4313682571 0 0 0
4313682584 0 0 0
4313682597 0 0 0
4313682610 0 0 0
4313682623 0 0 0
4313682636 0 0 0
4313682649 0 0 0
4313682662 0 0 0
4313682675 0 0 0
4313682688 0 0 0
4313682701 0 0 0
4313682714 0 0 0
4313682727 0 0 0
4313682740 0 0 0
4313682753 0 0 0
4313682766 0 0 0
4313682779 0 0 0
4313682792 0 0 0
4313682805 0 0 0
4313682818 0 0 0
4313682831 0 0 0
4313682844 0 0 0
4313682857 0 0 0
4313682870 0 0 0
4313682883 0 0 0
4313682896 0 0 0
4313682909 0 0 0
4313682922 0 0 0
4313682935 0 0 0
4313682948 0 0 0
4313682961 0 0 0
4313682974 0 0 0
4313682987 0 0 0
4313683000 0 0 0
4313683013 0 0 0
4313683026 0 0 0
4313683039 0 0 0
4313683052 0 0 0
4313683065 0 0 0
4313683078 0 0 0
4313683091 0 0 0
4313683104 0 0 0
4313683117 0 0 0
4313683130 0 0 0
4313683143 0 0 0
4313683156 0 0 0
4313683169 0 0 0
4313683182 0 0 0
4313683195 0 0 0
4313683208 0 0 0
4313683221 0 0 0
4313683234 0 0 0
4313683247 0 0 0
4313683260 0 0 0
4313683273 0 0 0
4313683286 0 0 0
4313683299 0 0 0
4313683312 0 0 0
4313683325 0 0 0
4313683338 0 0 0
4313683351 0 0 0
4313683364 0 0 0
4313683377 0 0 0
4313683390 0 0 0
4313683403 0 0 0
4313683416 0 0 0
4313683429 0 0 0
4313683442 0 0 0
4313683455 0 0 0
4313683468 0 0 0
4313683481 0 0 0
4313683494 0 0 0
4313683507 0 0 0
4313683520 0 0 0
4313683533 0 0 0
4313683546 0 0 0
4313683559 0 0 0
4313683572 0 0 0
4313683585 0 0 0
4313683598 0 0 0
4313683611 0 0 0
4313683624 0 0 0
4313683637 0 0 0
4313683650 0 0 0
4313683663 0 0 0
4313683676 0 0 0
4313683689 0 0 0
4313683702 0 0 0
4313683715 0 0 0
4313683728 0 0 0
4313683741 0 0 0
4313683754 0 0 0
4313683767 0 0 0
4313683780 0 0 0
4313683793 0 0 0
4313683806 0 0 0
4313683819 0 0 0
4313683832 0 0 0
4313683845 0 0 0
4313683858 0 0 0
4313683871 0 0 0
4313683884 0 0 0
4313683897 0 0 0
4313683910 0 0 0
4313683923 0 0 0
4313683936 0 0 0
4313683949 0 0 0
4313683962 0 0 0
4313683975 0 0 0
4313683988 0 0 0
4313684001 0 0 0
4313684014 0 0 0
4313684027 0 0 0
4313684040 0 0 0
4313684053 0 0 0
4313684066 0 0 0
4313684079 0 0 0
4313684092 0 0 0
4313684105 0 0 0
4313684118 0 0 0
4313684131 0 0 0
4313684144 0 0 0
4313684157 0 0 0
4313684170 0 0 0
4313684183 0 0 0
4313684196 0 0 0
4313684209 0 0 0
4313684222 0 0 0
4313684235 0 0 0
4313684248 0 0 0
4313684261 0 0 0
4313684274 0 0 0
4313684287 0 0 0
4313684300 0 0 0
4313684313 0 0 0
4313684326 0 0 0
4313684339 0 0 0
4313684352 0 0 0
4313684365 0 0 0
4313684378 0 0 0
4313684391 0 0 0
4313684404 0 0 0
4313684417 0 0 0
4313684430 0 0 0
4313684443 0 0 0
4313684456 0 0 0
4313684469 0 0 0
4313684482 0 0 0
4313684495 0 0 0
4313684508 0 0 0
4313684521 0 0 0
4313684534 0 0 0
4313684547 0 0 0
4313684560 0 0 0
4313684573 0 0 0
4313684586 0 0 0
4313684599 0 0 0
4313684612 0 0 0
4313684625 0 0 0
4313684638 0 0 0
4313684651 0 0 0
4313684664 0 0 0
4313684677 0 0 0
4313684690 0 0 0
4313684703 0 0 0
4313684716 0 0 0
4313684729 0 0 0
4313684742 0 0 0
4313684755 0 0 0
4313684768 0 0 0
4313684781 0 0 0
4313684794 0 0 0
4313684807 0 0 0
4313684820 0 0 0
4313684833 0 0 0
4313684846 0 0 0
4313684859 0 0 0
4313684872 0 0 0
4313684885 0 0 0
4313684898 0 0 0
4313684911 0 0 0
4313684924 0 0 0
4313684937 0 0 0
4313684950 0 0 0
4313684963 0 0 0
4313684976 0 0 0
4313684989 0 0 0
4313685002 0 0 0
4313685015 0 0 0
4313685028 0 0 0
4313685041 0 0 0
4313685054 0 0 0
4313685067 0 0 0
4313685080 0 0 0
4313685093 0 0 0
4313685106 0 0 0
4313685119 0 0 0
4313685132 0 0 0
4313685145 0 0 0
4313685158 0 0 0
4313685171 0 0 0
4313685184 0 0 0
4313685197 0 0 0
4313685210 0 0 0
4313685223 0 0 0
4313685236 0 0 0
4313685249 0 0 0
4313685262 0 0 0
4313685275 0 0 0
4313685288 0 0 0
4313685301 0 0 0
4313685314 0 0 0
4313685327 0 0 0
4313685340 0 0 0
4313685353 0 0 0
4313685366 0 0 0
4313685379 0 0 0
4313685392 0 0 0
4313685405 0 0 0
4313685418 0 0 0
4313685431 0 0 0
4313685444 0 0 0
4313685457 0 0 0
4313685470 0 0 0
4313685483 0 0 0
4313685496 0 0 0
4313685509 0 0 0
4313685522 0 0 0
4313685535 0 0 0
4313685548 0 0 0
4313685561 0 0 0
4313685574 0 0 0
4313685587 0 0 0
4313685600 0 0 0
4313685613 0 0 0
4313685626 0 0 0
4313685639 0 0 0
4313685652 0 0 0
4313685665 0 0 0
4313685678 0 0 0
4313685691 0 0 0
4313685704 0 0 0
4313685717 0 0 0
4313685730 0 0 0
4313685743 0 0 0
4313685756 0 0 0
4313685769 0 0 0
4313685782 0 0 0
4313685795 0 0 0
4313685808 0 0 0
4313685821 0 0 0
4313685834 0 0 0
4313685847 0 0 0
4313685860 0 0 0
4313685873 0 0 0
4313685886 0 0 0
4313685899 0 0 0
4313685912 0 0 0
4313685925 0 0 0
4313685938 0 0 0
4313685951 0 0 0
4313685964 0 0 0
4313685977 0 0 0
4313685990 0 0 0
4313686003 0 0 0
4313686016 0 0 0
4313686029 0 0 0
4313686042 0 0 0
4313686055 0 0 0
4313686068 0 0 0
4313686081 0 0 0
4313686094 0 0 0
4313686107 0 0 0
4313686120 0 0 0
4313686133 0 0 0
4313686146 0 0 0
4313686159 0 0 0
4313686172 0 0 0
4313686185 0 0 0
4313686198 0 0 0
4313686211 0 0 0
4313686224 0 0 0
4313686237 0 0 0
4313686250 0 0 0
4313686263 0 0 0
4313686276 0 0 0
4313686289 0 0 0
4313686302 0 0 0
4313686315 0 0 0
4313686328 0 0 0
4313686341 0 0 0
4313686354 0 0 0
4313686367 0 0 0
4313686380 0 0 0
4313686393 0 0 0
4313686406 0 0 0
4313686419 0 0 0
4313686432 0 0 0
4313686445 0 0 0
4313686458 0 0 0
4313686471 0 0 0
4313686484 0 0 0
4313686497 0 0 0
4313686510 0 0 0
4313686523 0 0 0
4313686536 0 0 0
4313686549 0 0 0
4313686562 0 0 0
4313686575 0 0 0
4313686588 0 0 0
4313686601 0 0 0
4313686614 0 0 0
4313686627 0 0 0
4313686640 0 0 0
4313686653 0 0 0
4313686666 0 0 0
4313686679 0 0 0
4313686692 0 0 0
4313686705 0 0 0
4313686718 0 0 0
4313686731 0 0 0
4313686744 0 0 0
4313686757 0 0 0
4313686770 0 0 0
4313686783 0 0 0
4313686796 0 0 0
4313686809 0 0 0
4313686822 0 0 0
4313686835 0 0 0
4313686848 0 0 0
4313686861 0 0 0
4313686874 0 0 0
4313686887 0 0 0
4313686900 0 0 0
4313686913 0 0 0
4313686926 0 0 0
4313686939 0 0 0
4313686952 0 0 0
4313686965 0 0 0
4313686978 0 0 0
4313686991 0 0 0
4313687004 0 0 0
4313687017 0 0 0
4313687030 0 0 0
4313687043 0 0 0
4313687056 0 0 0
4313687069 0 0 0
4313687082 0 0 0
4313687095 0 0 0
4313687108 0 0 0
4313687121 0 0 0
4313687134 0 0 0
4313687147 0 0 0
4313687160 0 0 0
4313687173 0 0 0
4313687186 0 0 0
4313687199 0 0 0
4313687212 0 0 0
4313687225 0 0 0
4313687238 0 0 0
4313687251 0 0 0
4313687264 0 0 0
4313687277 0 0 0
4313687290 0 0 0
4313687303 0 0 0
4313687316 0 0 0
4313687329 0 0 0
4313687342 0 0 0
4313687355 0 0 0
4313687368 0 0 0
4313687381 0 0 0
4313687394 0 0 0
4313687407 0 0 0
4313687420 0 0 0
4313687433 0 0 0
4313687446 0 0 0
4313687459 0 0 0
4313687472 0 0 0
4313687485 0 0 0
4313687498 0 0 0
4313687511 0 0 0
4313687524 0 0 0
4313687537 0 0 0
4313687550 0 0 0
4313687563 0 0 0
4313687576 0 0 0
4313687589 0 0 0
4313687602 0 0 0
4313687615 0 0 0
4313687628 0 0 0
4313687641 0 0 0
4313687654 0 0 0
4313687667 0 0 0
4313687680 0 0 0
4313687693 0 0 0
4313687706 0 0 0
4313687719 0 0 0
4313687732 0 0 0
4313687745 0 0 0
4313687758 0 0 0
4313687771 0 0 0
4313687784 0 0 0
4313687797 0 0 0
4313687810 0 0 0
4313687823 0 0 0
4313687836 0 0 0
4313687849 0 0 0
4313687862 0 0 0
4313687875 0 0 0
4313687888 0 0 0
4313687901 0 0 0
4313687914 0 0 0
4313687927 0 0 0
4313687940 0 0 0
4313687953 0 0 0
4313687966 0 0 0
4313687979 0 0 0
4313687992 0 0 0
4313688005 0 0 0
4313688018 0 0 0
4313688031 0 0 0
4313688044 0 0 0
4313688057 0 0 0
4313688070 0 0 0
4313688083 0 0 0
4313688096 0 0 0
4313688109 0 0 0
4313688122 0 0 0
4313688135 0 0 0
4313688148 0 0 0
4313688161 0 0 0
4313688174 0 0 0
4313688187 0 0 0
4313688200 0 0 0
4313688213 0 0 0
4313688226 0 0 0
4313688239 0 0 0
4313688252 0 0 0
4313688265 0 0 0
4313688278 0 0 0
4313688291 0 0 0
4313688304 0 0 0
4313688317 0 0 0
4313688330 0 0 0
4313688343 0 0 0
4313688356 0 0 0
4313688369 0 0 0
4313688382 0 0 0
4313688395 0 0 0
4313688408 0 0 0
4313688421 0 0 0
4313688434 0 0 0
4313688447 0 0 0
4313688460 0 0 0
4313688473 0 0 0
4313688486 0 0 0
4313688499 0 0 0
4313688512 0 0 0
4313688525 0 0 0
4313688538 0 0 0
4313688551 0 0 0
4313688564 0 0 0
4313688577 0 0 0
4313688590 0 0 0
4313688603 0 0 0
4313688616 0 0 0
4313688629 0 0 0
4313688642 0 0 0
4313688655 0 0 0
4313688668 0 0 0
4313688681 0 0 0
4313688694 0 0 0
4313688707 0 0 0
4313688720 0 0 0
4313688733 0 0 0
4313688746 0 0 0
4313688759 0 0 0
4313688772 0 0 0
4313688785 0 0 0
4313688798 0 0 0
4313688811 0 0 0
4313688824 0 0 0
4313688837 0 0 0
4313688850 0 0 0
4313688863 0 0 0
4313688876 0 0 0
4313688889 0 0 0
4313688902 0 0 0
4313688915 0 0 0
4313688928 0 0 0
4313688941 0 0 0
4313688954 0 0 0
4313688967 0 0 0
4313688980 0 0 0
4313688993 0 0 0
4313689006 0 0 0
4313689019 0 0 0
4313689032 0 0 0
4313689045 0 0 0
4313689058 0 0 0
4313689071 0 0 0
4313689084 0 0 0
4313689097 0 0 0
4313689110 0 0 0
4313689123 0 0 0
4313689136 0 0 0
4313689149 0 0 0
4313689162 0 0 0
4313689175 0 0 0
4313689188 0 0 0
4313689201 0 0 0
4313689214 0 0 0
4313689227 0 0 0
4313689240 0 0 0
4313689253 0 0 0
4313689266 0 0 0
4313689279 0 0 0
4313689292 0 0 0
4313689305 0 0 0
4313689318 0 0 0
4313689331 0 0 0
4313689344 0 0 0
4313689357 0 0 0
4313689370 0 0 0
4313689383 0 0 0
4313689396 0 0 0
4313689409 0 0 0
4313689422 0 0 0
4313689435 0 0 0
4313689448 0 0 0
4313689461 0 0 0
4313689474 0 0 0
4313689487 0 0 0
4313689500 0 0 0
4313689513 0 0 0
4313689526 0 0 0
4313689539 0 0 0
4313689552 0 0 0
4313689565 0 0 0
4313689578 0 0 0
4313689591 0 0 0
read 2856 profiled data
