4299207980 92530 0 40
4299207993 11202 0 3
4299208006 0 0 0
4299208019 0 0 0
4299208032 0 0 0
4299208045 0 0 0
4299208058 0 0 0
4299208071 0 0 0
4299208084 0 0 0
4299208097 0 0 0
4299208110 0 0 0
4299208123 0 0 0
4299208136 0 0 0
4299208149 0 0 0
4299208162 0 0 0
4299208175 0 0 0
4299208188 0 0 0
4299208201 0 0 0
4299208214 0 0 0
4299208227 28448 0 10
4299208240 53227 0 20
4299208253 0 0 0
4299208266 0 0 0
4299208279 0 0 0
4299208292 0 0 0
4299208305 0 0 0
4299208318 0 0 0
4299208331 0 0 0
4299208344 0 0 0
4299208357 0 0 0
4299208370 0 0 0
4299208383 0 0 0
4299208396 0 0 0
4299208409 0 0 0
4299208422 0 0 0
4299208435 0 0 0
4299208448 0 0 0
4299208461 0 0 0
4299208474 320 0 1
4299208487 51911 0 22
4299208500 14286 0 5
4299208513 0 0 0
4299208526 0 0 0
4299208539 0 0 0
4299208552 0 0 0
4299208565 0 0 0
4299208578 0 0 0
4299208591 0 0 0
4299208604 0 0 0
4299208617 0 0 0
4299208630 0 0 0
4299208643 0 0 0
4299208656 0 0 0
4299208669 0 0 0
4299208682 0 0 0
4299208695 0 0 0
4299208708 0 0 0
4299208721 0 0 0
4299208734 16648 0 21
4299208747 32340 0 45
4299208760 6617 0 5
4299208773 0 0 0
4299208786 0 0 0
4299208799 0 0 0
4299208812 0 0 0
4299208825 0 0 0
4299208838 0 0 0
4299208851 0 0 0
4299208864 0 0 0
4299208877 0 0 0
4299208890 0 0 0
4299208903 0 0 0
4299208916 0 0 0
4299208929 0 0 0
4299208942 0 0 0
4299208955 0 0 0
4299208968 0 0 0
4299208981 0 0 0
4299208994 16400 0 17
4299209007 28417 0 33
4299209020 283 0 0
4299209033 0 0 0
4299209046 0 0 0
4299209059 0 0 0
4299209072 0 0 0
4299209085 0 0 0
4299209098 0 0 0
4299209111 0 0 0
4299209124 0 0 0
4299209137 0 0 0
4299209150 0 0 0
4299209163 0 0 0
4299209176 0 0 0
4299209189 0 0 0
4299209202 0 0 0
4299209215 0 0 0
4299209228 0 0 0
4299209241 4811 0 6
4299209254 13977 0 10
4299209267 19030 0 21
4299209280 0 0 0
4299209293 0 0 0
4299209306 0 0 0
4299209319 0 0 0
4299209332 0 0 0
4299209345 0 0 0
4299209358 0 0 0
4299209371 0 0 0
4299209384 0 0 0
4299209397 0 0 0
4299209410 0 0 0
4299209423 0 0 0
4299209436 0 0 0
4299209449 0 0 0
4299209462 0 0 0
4299209475 0 0 0
4299209488 0 0 0
4299209501 13899 0 12
4299209514 10780 0 10
4299209527 6197 0 4
4299209540 0 0 0
4299209553 0 0 0
4299209566 0 0 0
4299209579 0 0 0
4299209592 0 0 0
4299209605 0 0 0
4299209618 0 0 0
4299209631 0 0 0
4299209644 0 0 0
4299209657 0 0 0
4299209670 0 0 0
4299209683 0 0 0
4299209696 0 0 0
4299209709 0 0 0
4299209722 0 0 0
4299209735 0 0 0
4299209748 3966 0 4
4299209761 10011 0 8
4299209774 11488 0 10
4299209787 0 0 0
4299209800 0 0 0
4299209813 0 0 0
4299209826 0 0 0
4299209839 0 0 0
4299209852 0 0 0
4299209865 0 0 0
4299209878 0 0 0
4299209891 0 0 0
4299209904 0 0 0
4299209917 0 0 0
4299209930 0 0 0
4299209943 0 0 0
4299209956 0 0 0
4299209969 0 0 0
4299209982 0 0 0
4299209995 0 0 0
4299210008 9370 0 7
4299210021 8410 0 6
4299210034 2834 0 4
4299210047 0 0 0
4299210060 0 0 0
4299210073 0 0 0
4299210086 0 0 0
4299210099 0 0 0
4299210112 0 0 0
4299210125 0 0 0
4299210138 0 0 0
4299210151 0 0 0
4299210164 0 0 0
4299210177 0 0 0
4299210190 0 0 0
4299210203 0 0 0
4299210216 0 0 0
4299210229 0 0 0
4299210242 0 0 0
4299210255 6995 0 7
4299210268 4219 0 2
4299210281 6408 0 6
4299210294 0 0 0
4299210307 0 0 0
4299210320 0 0 0
4299210333 0 0 0
4299210346 0 0 0
4299210359 0 0 0
4299210372 0 0 0
4299210385 0 0 0
4299210398 0 0 0
4299210411 0 0 0
4299210424 0 0 0
4299210437 0 0 0
4299210450 0 0 0
4299210463 0 0 0
4299210476 0 0 0
4299210489 0 0 0
4299210502 1561 0 2
4299210515 5986 0 5
4299210528 6225 0 7
4299210541 0 0 0
4299210554 0 0 0
4299210567 0 0 0
4299210580 0 0 0
4299210593 0 0 0
4299210606 0 0 0
4299210619 0 0 0
4299210632 0 0 0
4299210645 0 0 0
4299210658 0 0 0
4299210671 0 0 0
4299210684 0 0 0
4299210697 0 0 0
4299210710 0 0 0
4299210723 0 0 0
4299210736 0 0 0
4299210749 0 0 0
4299210762 4910 0 5
4299210775 3928 0 4
4299210788 1964 0 0
4299210801 0 0 0
4299210814 0 0 0
4299210827 0 0 0
4299210840 0 0 0
4299210853 0 0 0
4299210866 0 0 0
4299210879 0 0 0
4299210892 0 0 0
4299210905 0 0 0
4299210918 0 0 0
4299210931 0 0 0
4299210944 0 0 0
4299210957 0 0 0
4299210970 0 0 0
4299210983 0 0 0
4299210996 0 0 0
4299211009 4485 0 4
4299211022 1794 0 2
4299211035 3588 0 3
4299211048 0 0 0
4299211061 0 0 0
4299211074 0 0 0
4299211087 0 0 0
4299211100 0 0 0
4299211113 0 0 0
4299211126 0 0 0
4299211139 0 0 0
4299211152 0 0 0
4299211165 0 0 0
4299211178 0 0 0
4299211191 0 0 0
4299211204 0 0 0
4299211217 0 0 0
4299211230 0 0 0
4299211243 0 0 0
4299211256 1442 0 2
4299211269 3605 0 5
4299211282 2884 0 3
4299211295 0 0 0
4299211308 0 0 0
4299211321 0 0 0
4299211334 0 0 0
4299211347 0 0 0
4299211360 0 0 0
4299211373 0 0 0
4299211386 0 0 0
4299211399 0 0 0
4299211412 0 0 0
4299211425 0 0 0
4299211438 0 0 0
4299211451 0 0 0
4299211464 0 0 0
4299211477 0 0 0
4299211490 0 0 0
4299211503 0 0 0
4299211516 3105 0 5
4299211529 3721 0 4
4299211542 5 0 1
4299211555 0 0 0
4299211568 0 0 0
4299211581 0 0 0
4299211594 0 0 0
4299211607 0 0 0
4299211620 0 0 0
4299211633 0 0 0
4299211646 0 0 0
4299211659 0 0 0
4299211672 0 0 0
4299211685 0 0 0
4299211698 0 0 0
4299211711 0 0 0
4299211724 0 0 0
4299211737 0 0 0
4299211750 0 0 0
4299211763 2405 0 3
4299211776 1443 0 2
4299211789 1443 0 1
4299211802 0 0 0
4299211815 0 0 0
4299211828 0 0 0
4299211841 0 0 0
4299211854 0 0 0
4299211867 0 0 0
4299211880 0 0 0
4299211893 0 0 0
4299211906 0 0 0
4299211919 0 0 0
4299211932 0 0 0
4299211945 0 0 0
4299211958 0 0 0
4299211971 0 0 0
4299211984 0 0 0
4299211997 0 0 0
4299212010 1285 0 2
4299212023 1501 0 2
4299212036 1592 0 3
4299212049 0 0 0
4299212062 0 0 0
4299212075 0 0 0
4299212088 0 0 0
4299212101 0 0 0
4299212114 0 0 0
4299212127 0 0 0
4299212140 0 0 0
4299212153 0 0 0
4299212166 0 0 0
4299212179 0 0 0
4299212192 0 0 0
4299212205 0 0 0
4299212218 0 0 0
4299212231 0 0 0
4299212244 0 0 0
4299212257 347 0 1
4299212270 1735 0 4
4299212283 1735 0 2
4299212296 0 0 0
4299212309 0 0 0
4299212322 0 0 0
4299212335 0 0 0
4299212348 0 0 0
4299212361 0 0 0
4299212374 0 0 0
4299212387 0 0 0
4299212400 0 0 0
4299212413 0 0 0
4299212426 0 0 0
4299212439 0 0 0
4299212452 0 0 0
4299212465 0 0 0
4299212478 0 0 0
4299212491 0 0 0
4299212504 0 0 0
4299212517 1245 0 1
4299212530 996 0 1
4299212543 498 0 1
4299212556 0 0 0
4299212569 0 0 0
4299212582 0 0 0
4299212595 0 0 0
4299212608 0 0 0
4299212621 0 0 0
4299212634 0 0 0
4299212647 0 0 0
4299212660 0 0 0
4299212673 0 0 0
4299212686 0 0 0
4299212699 0 0 0
4299212712 0 0 0
4299212725 0 0 0
4299212738 0 0 0
4299212751 0 0 0
4299212764 1185 0 3
4299212777 474 0 2
4299212790 948 0 1
4299212803 0 0 0
4299212816 0 0 0
4299212829 0 0 0
4299212842 0 0 0
4299212855 0 0 0
4299212868 0 0 0
4299212881 0 0 0
4299212894 0 0 0
4299212907 0 0 0
4299212920 0 0 0
4299212933 0 0 0
4299212946 0 0 0
4299212959 0 0 0
4299212972 0 0 0
4299212985 0 0 0
4299212998 0 0 0
4299213011 0 0 3
4299213024 0 0 3
read 389 profiled data
