4384939267 0 0 0
4384939281 0 0 0
4384939295 0 0 0
4384939309 0 0 0
4384939323 0 0 0
4384939337 0 0 0
4384939351 0 0 0
4384939365 0 0 0
4384939379 0 0 0
4384939393 0 0 0
4384939407 0 0 0
4384939421 0 0 0
4384939435 0 0 0
4384939449 0 0 0
4384939463 0 0 0
4384939477 0 0 0
4384939491 0 0 0
4384939505 0 0 0
4384939519 0 0 0
4384939533 0 0 0
4384939547 0 0 0
4384939561 0 0 0
4384939575 0 0 0
4384939589 0 0 0
4384939603 0 0 0
4384939617 0 0 0
4384939631 0 0 0
4384939645 0 0 0
4384939659 0 0 0
4384939673 0 0 0
4384939687 0 0 0
4384939701 0 0 0
4384939715 0 0 0
4384939729 0 0 0
4384939743 0 0 0
4384939757 0 0 0
4384939771 0 0 0
4384939785 0 0 0
4384939799 0 0 0
4384939813 0 0 0
4384939827 0 0 0
4384939841 0 0 0
4384939855 0 0 0
4384939869 0 0 0
4384939882 0 0 0
4384939896 0 0 0
4384939910 0 0 0
4384939924 0 0 0
4384939938 0 0 0
4384939952 0 0 0
4384939966 0 0 0
4384939980 0 0 0
4384939994 0 0 0
4384940008 0 0 0
4384940022 0 0 0
4384940036 0 0 0
4384940050 0 0 0
4384940064 0 0 0
4384940078 0 0 0
4384940092 0 0 0
4384940106 0 0 0
4384940120 0 0 0
4384940134 0 0 0
4384940148 0 0 0
4384940162 0 0 0
4384940176 0 0 0
4384940190 0 0 0
4384940204 0 0 0
4384940218 0 0 0
4384940232 0 0 0
4384940246 0 0 0
4384940260 0 0 0
4384940274 0 0 0
4384940288 0 0 0
4384940302 0 0 0
4384940316 43139 0 18
4384940330 32278 0 13
4384940344 0 0 0
4384940358 0 0 0
4384940372 0 0 0
4384940386 0 0 0
4384940400 0 0 0
4384940415 0 0 0
4384940431 0 0 0
4384940445 0 0 0
4384940459 0 0 0
4384940475 0 0 0
4384940489 0 0 0
4384940503 0 0 0
4384940517 0 0 0
4384940531 0 0 0
4384940545 0 0 0
4384940559 0 0 0
4384940574 45174 0 19
4384940588 14226 0 4
4384940602 0 0 0
4384940616 0 0 0
4384940631 0 0 0
4384940646 0 0 0
4384940660 0 0 0
4384940674 0 0 0
4384940688 0 0 0
4384940702 0 0 0
4384940718 0 0 0
4384940732 0 0 0
4384940746 0 0 0
4384940760 0 0 0
4384940774 0 0 0
4384940788 0 0 0
4384940802 0 0 0
4384940816 0 0 0
4384940830 48376 0 19
4384940844 0 0 0
4384940858 0 0 0
4384940872 0 0 0
4384940886 0 0 0
4384940900 0 0 0
4384940914 0 0 0
4384940928 0 0 0
4384940942 0 0 0
4384940956 0 0 0
4384940970 0 0 0
4384940984 0 0 0
4384940998 0 0 0
4384941012 0 0 0
4384941026 0 0 0
4384941040 0 0 0
4384941054 0 0 0
4384941070 0 0 0
4384941084 40440 0 16
4384941098 0 0 0
4384941112 0 0 0
4384941126 0 0 0
4384941140 0 0 0
4384941154 0 0 0
4384941168 0 0 0
4384941182 0 0 0
4384941196 0 0 0
4384941210 0 0 0
4384941224 0 0 0
4384941238 0 0 0
4384941252 0 0 0
4384941267 0 0 0
4384941281 0 0 0
4384941295 0 0 0
4384941309 0 0 0
4384941323 2010 0 2
4384941337 30790 0 11
4384941351 0 0 0
4384941365 0 0 0
4384941379 0 0 0
4384941393 0 0 0
4384941407 0 0 0
4384941421 0 0 0
4384941435 0 0 0
4384941449 0 0 0
4384941463 0 0 0
4384941477 0 0 0
4384941491 0 0 0
4384941505 0 0 0
4384941519 0 0 0
4384941533 0 0 0
4384941547 0 0 0
4384941561 0 0 0
4384941575 3267 0 3
4384941589 24237 0 10
4384941603 0 0 0
4384941617 0 0 0
4384941631 0 0 0
4384941645 0 0 0
4384941659 0 0 0
4384941673 0 0 0
4384941687 0 0 0
4384941701 0 0 0
4384941715 0 0 0
4384941729 0 0 0
4384941743 0 0 0
4384941757 0 0 0
4384941771 0 0 0
4384941785 0 0 0
4384941799 0 0 0
4384941813 0 0 0
4384941827 6970 0 3
4384941841 15486 0 5
4384941855 0 0 0
4384941869 0 0 0
4384941883 0 0 0
4384941897 0 0 0
4384941911 0 0 0
4384941925 0 0 0
4384941939 0 0 0
4384941953 0 0 0
4384941967 0 0 0
4384941981 0 0 0
4384941995 0 0 0
4384942009 0 0 0
4384942023 0 0 0
4384942037 0 0 0
4384942051 0 0 0
4384942065 0 0 0
4384942079 6945 0 4
4384942093 11575 0 5
4384942107 0 0 0
4384942121 0 0 0
4384942135 0 0 0
4384942149 0 0 0
4384942163 0 0 0
4384942177 0 0 0
4384942191 0 0 0
4384942205 0 0 0
4384942219 0 0 0
4384942233 0 0 0
4384942247 0 0 0
4384942261 0 0 0
4384942275 0 0 0
4384942289 0 0 0
4384942303 0 0 0
4384942317 0 0 0
4384942331 5622 0 3
4384942345 9370 0 5
4384942359 0 0 0
4384942373 0 0 0
4384942387 0 0 0
4384942401 0 0 0
4384942415 0 0 0
4384942429 0 0 0
4384942443 0 0 0
4384942457 0 0 0
4384942471 0 0 0
4384942485 0 0 0
4384942499 0 0 0
4384942513 0 0 0
4384942527 0 0 0
4384942541 0 0 0
4384942555 0 0 0
4384942569 0 0 0
4384942582 4806 0 2
4384942596 8010 0 5
4384942610 0 0 0
4384942624 0 0 0
4384942638 0 0 0
4384942652 0 0 0
4384942666 0 0 0
4384942680 0 0 0
4384942694 0 0 0
4384942708 0 0 0
4384942722 0 0 0
4384942736 0 0 0
4384942750 0 0 0
4384942764 0 0 0
4384942778 0 0 0
4384942792 0 0 0
4384942806 0 0 0
4384942820 0 0 0
4384942834 3756 0 2
4384942848 6260 0 3
4384942862 0 0 0
4384942876 0 0 0
4384942890 0 0 0
4384942904 0 0 0
4384942918 0 0 0
4384942932 0 0 0
4384942946 0 0 0
4384942960 0 0 0
4384942974 0 0 0
4384942988 0 0 0
4384943002 0 0 0
4384943016 0 0 0
4384943030 0 0 0
4384943044 0 0 0
4384943058 0 0 0
4384943072 0 0 0
4384943086 3150 0 2
4384943100 4706 0 1
4384943114 0 0 0
4384943128 0 0 0
4384943142 0 0 0
4384943156 0 0 0
4384943171 0 0 0
4384943185 0 0 0
4384943199 0 0 0
4384943213 0 0 0
4384943227 0 0 0
4384943241 0 0 0
4384943255 0 0 0
4384943269 0 0 0
4384943283 0 0 0
4384943297 0 0 0
4384943311 0 0 0
4384943325 0 0 0
4384943339 4485 0 5
4384943353 2691 0 3
4384943367 0 0 0
4384943381 0 0 0
4384943395 0 0 0
4384943409 0 0 0
4384943423 0 0 0
4384943437 0 0 0
4384943451 0 0 0
4384943465 0 0 0
4384943479 0 0 0
4384943493 0 0 0
4384943507 0 0 0
4384943521 0 0 0
4384943535 0 0 0
4384943549 0 0 0
4384943563 0 0 0
4384943577 0 0 0
4384943591 4308 0 3
4384943605 1460 0 0
4384943619 0 0 0
4384943633 0 0 0
4384943647 0 0 0
4384943661 0 0 0
4384943675 0 0 0
4384943689 0 0 0
4384943703 0 0 0
4384943717 0 0 0
4384943731 0 0 0
4384943745 0 0 0
4384943759 0 0 0
4384943773 0 0 0
4384943787 0 0 0
4384943801 0 0 0
4384943815 0 0 0
4384943829 0 0 0
4384943843 4968 0 5
4384943857 0 0 0
4384943871 0 0 0
4384943885 0 0 0
4384943899 0 0 0
4384943913 0 0 0
4384943927 0 0 0
4384943941 0 0 0
4384943955 0 0 0
4384943969 0 0 0
4384943983 0 0 0
4384943997 0 0 0
4384944011 0 0 0
4384944025 0 0 0
4384944039 0 0 0
4384944053 0 0 0
4384944067 0 0 0
4384944081 0 0 0
4384944096 3848 0 3
4384944110 0 0 0
4384944124 0 0 0
4384944138 0 0 0
4384944152 0 0 0
4384944166 0 0 0
4384944180 0 0 0
4384944194 0 0 0
4384944208 0 0 0
4384944222 0 0 0
4384944236 0 0 0
4384944250 0 0 0
4384944264 0 0 0
4384944278 0 0 0
4384944292 0 0 0
4384944306 0 0 0
4384944320 0 0 0
4384944334 209 0 2
4384944348 2975 0 3
4384944362 0 0 0
4384944376 0 0 0
4384944390 0 0 0
4384944404 0 0 0
4384944418 0 0 0
4384944432 0 0 0
4384944446 0 0 0
4384944460 0 0 0
4384944474 0 0 0
4384944488 0 0 0
4384944502 0 0 0
4384944516 0 0 0
4384944530 0 0 0
4384944544 0 0 0
4384944558 0 0 0
4384944572 0 0 0
4384944586 1041 0 0
4384944600 1735 0 1
4384944614 0 0 0
4384944628 0 0 0
4384944642 0 0 0
4384944656 0 0 0
4384944670 0 0 0
4384944684 0 0 0
4384944698 0 0 0
4384944712 0 0 0
4384944726 0 0 0
4384944740 0 0 0
4384944754 0 0 0
4384944768 0 0 0
4384944782 0 0 0
4384944796 0 0 0
4384944810 0 0 0
4384944824 0 0 0
4384944838 747 0 3
4384944852 1245 0 3
4384944866 0 0 0
4384944880 0 0 0
4384944894 0 0 0
4384944908 0 0 0
4384944922 0 0 0
4384944936 0 0 0
4384944950 0 0 0
4384944964 0 0 0
4384944978 0 0 0
4384944992 0 0 0
4384945006 0 0 0
4384945020 0 0 0
4384945034 0 0 0
4384945048 0 0 0
4384945062 0 0 0
4384945076 0 0 0
4384945090 726 0 1
4384945104 1170 0 0
4384945118 0 0 0
4384945132 0 0 0
4384945146 0 0 0
4384945160 0 0 0
4384945174 0 0 0
4384945188 0 0 0
4384945202 0 0 0
4384945216 0 0 0
4384945230 0 0 0
4384945244 0 0 0
4384945258 0 0 0
4384945272 0 0 0
4384945286 0 0 0
4384945300 0 0 0
4384945314 0 0 0
4384945328 0 0 0
4384945342 0 0 3
4384945357 0 0 0
4384945371 0 0 0
4384945385 0 0 0
4384945399 0 0 0
4384945413 0 0 0
4384945427 0 0 0
4384945441 0 0 0
4384945456 0 0 0
4384945471 0 0 0
4384945485 0 0 0
4384945499 0 0 0
4384945513 0 0 0
4384945527 0 0 0
4384945541 0 0 0
4384945555 0 0 0
4384945569 0 0 0
4384945583 0 0 0
4384945598 0 0 0
4384945612 0 0 0
4384945626 0 0 0
4384945640 0 0 0
4384945654 0 0 0
4384945668 0 0 0
4384945682 0 0 0
4384945696 0 0 0
4384945710 0 0 0
4384945724 0 0 0
4384945738 0 0 0
4384945752 0 0 0
4384945766 0 0 0
4384945780 0 0 0
4384945794 0 0 0
4384945808 0 0 0
4384945822 0 0 0
4384945836 0 0 0
4384945850 0 0 0
4384945864 0 0 0
4384945878 0 0 0
4384945892 0 0 0
4384945906 0 0 0
4384945920 0 0 0
4384945934 0 0 0
4384945948 0 0 0
4384945962 0 0 0
4384945976 0 0 0
4384945990 0 0 0
4384946004 0 0 0
4384946018 0 0 0
4384946032 0 0 0
4384946047 0 0 0
4384946061 0 0 0
4384946075 0 0 0
4384946089 0 0 0
4384946103 0 0 0
4384946117 0 0 0
4384946131 0 0 0
4384946145 0 0 0
4384946159 0 0 0
4384946173 0 0 0
4384946187 0 0 0
4384946201 0 0 0
4384946215 0 0 0
4384946229 0 0 0
4384946243 0 0 0
4384946257 0 0 0
4384946271 0 0 0
4384946285 0 0 0
4384946299 0 0 0
4384946313 0 0 0
4384946327 0 0 0
4384946341 0 0 0
4384946355 0 0 0
4384946369 0 0 0
4384946383 0 0 0
4384946397 0 0 0
4384946411 0 0 0
4384946425 0 0 0
4384946439 0 0 0
4384946453 0 0 0
4384946467 0 0 0
4384946481 0 0 0
4384946495 0 0 0
4384946509 0 0 0
4384946523 0 0 0
4384946538 0 0 0
4384946552 0 0 0
4384946566 0 0 0
4384946580 0 0 0
4384946594 0 0 0
4384946608 0 0 0
4384946622 0 0 0
4384946636 0 0 0
4384946650 0 0 0
4384946664 0 0 0
4384946678 0 0 0
4384946692 0 0 0
4384946706 0 0 0
4384946720 0 0 0
4384946734 0 0 0
4384946748 0 0 0
4384946762 0 0 0
4384946776 0 0 0
4384946790 0 0 0
4384946804 0 0 0
4384946818 0 0 0
4384946832 0 0 0
4384946846 0 0 0
4384946860 0 0 0
4384946874 0 0 0
4384946888 0 0 0
4384946902 0 0 0
4384946916 0 0 0
4384946930 0 0 0
4384946944 0 0 0
4384946958 0 0 0
4384946972 0 0 0
4384946986 0 0 0
4384947000 0 0 0
4384947014 0 0 0
4384947028 0 0 0
4384947043 0 0 0
4384947058 0 0 0
4384947072 0 0 0
4384947086 0 0 0
4384947100 0 0 0
4384947114 0 0 0
4384947128 0 0 0
4384947142 0 0 0
4384947156 0 0 0
4384947170 0 0 0
4384947184 0 0 0
4384947198 0 0 0
4384947212 0 0 0
4384947226 0 0 0
4384947240 0 0 0
4384947254 0 0 0
4384947268 0 0 0
4384947282 0 0 0
4384947296 0 0 0
4384947310 0 0 0
4384947324 0 0 0
4384947338 0 0 0
4384947354 0 0 0
4384947368 0 0 0
4384947382 0 0 0
4384947396 0 0 0
4384947410 0 0 0
4384947424 0 0 0
4384947438 0 0 0
4384947452 0 0 0
4384947466 0 0 0
4384947480 0 0 0
4384947494 0 0 0
4384947508 0 0 0
4384947522 0 0 0
4384947536 0 0 0
4384947550 0 0 0
4384947564 0 0 0
4384947579 0 0 0
4384947593 0 0 0
4384947607 0 0 0
4384947621 0 0 0
4384947635 0 0 0
4384947649 0 0 0
4384947663 0 0 0
4384947677 0 0 0
4384947691 0 0 0
4384947705 0 0 0
4384947719 0 0 0
4384947733 0 0 0
4384947747 0 0 0
4384947761 0 0 0
4384947775 0 0 0
4384947789 0 0 0
4384947803 0 0 0
4384947817 0 0 0
4384947831 0 0 0
4384947845 0 0 0
4384947859 0 0 0
4384947873 0 0 0
4384947887 0 0 0
4384947901 0 0 0
4384947915 0 0 0
4384947929 0 0 0
4384947943 0 0 0
4384947957 0 0 0
4384947971 0 0 0
4384947985 0 0 0
4384947999 0 0 0
4384948013 0 0 0
4384948027 0 0 0
4384948041 0 0 0
4384948055 0 0 0
4384948069 0 0 0
4384948083 0 0 0
4384948097 0 0 0
4384948111 0 0 0
4384948125 0 0 0
4384948139 0 0 0
4384948153 0 0 0
4384948167 0 0 0
4384948181 0 0 0
4384948195 0 0 0
4384948209 0 0 0
4384948223 0 0 0
4384948237 0 0 0
4384948251 0 0 0
4384948265 0 0 0
4384948279 0 0 0
4384948293 0 0 0
4384948307 0 0 0
4384948321 0 0 0
4384948335 0 0 0
4384948349 0 0 0
4384948363 0 0 0
4384948377 0 0 0
4384948391 0 0 0
4384948405 0 0 0
4384948419 0 0 0
4384948433 0 0 0
4384948447 0 0 0
4384948461 0 0 0
4384948475 0 0 0
4384948489 0 0 0
4384948503 0 0 0
4384948517 0 0 0
4384948531 0 0 0
4384948545 0 0 0
4384948559 0 0 0
4384948573 0 0 0
4384948587 0 0 0
4384948601 0 0 0
4384948615 0 0 0
4384948629 0 0 0
4384948643 0 0 0
4384948657 0 0 0
4384948671 0 0 0
4384948685 0 0 0
4384948699 0 0 0
4384948713 0 0 0
4384948727 0 0 0
4384948741 0 0 0
4384948755 0 0 0
4384948769 0 0 0
read 678 profiled data
