4299549829 88885 0 52
4299549842 106985 0 52
4299549855 39851 0 17
4299549868 0 0 0
4299549881 0 0 0
4299549894 0 0 0
4299549907 0 0 0
4299549920 0 0 0
4299549933 0 0 0
4299549946 0 0 0
4299549959 0 0 0
4299549972 0 0 0
4299549985 0 0 0
4299549998 0 0 0
4299550011 0 0 0
4299550024 0 0 0
4299550037 0 0 0
4299550050 0 0 0
4299550063 0 0 0
4299550076 0 0 0
4299550089 47058 0 19
4299550102 113169 0 42
4299550115 25398 0 8
4299550128 0 0 0
4299550141 0 0 0
4299550154 0 0 0
4299550167 0 0 0
4299550180 0 0 0
4299550193 0 0 0
4299550206 0 0 0
4299550219 0 0 0
4299550232 0 0 0
4299550245 0 0 0
4299550258 0 0 0
4299550271 0 0 0
4299550284 0 0 0
4299550297 0 0 0
4299550310 0 0 0
4299550323 0 0 0
4299550336 18141 0 8
4299550349 53673 0 21
4299550362 79361 0 32
4299550375 0 0 0
4299550388 0 0 0
4299550401 0 0 0
4299550414 0 0 0
4299550427 0 0 0
4299550440 0 0 0
4299550453 0 0 0
4299550466 0 0 0
4299550479 0 0 0
4299550492 0 0 0
4299550505 0 0 0
4299550518 0 0 0
4299550531 0 0 0
4299550544 0 0 0
4299550557 0 0 0
4299550570 0 0 0
4299550583 1049 0 1
4299550596 36517 0 15
4299550609 49729 0 20
4299550622 39080 0 14
4299550635 0 0 0
4299550648 0 0 0
4299550661 0 0 0
4299550674 0 0 0
4299550687 0 0 0
4299550700 0 0 0
4299550713 0 0 0
4299550726 0 0 0
4299550739 0 0 0
4299550752 0 0 0
4299550765 0 0 0
4299550778 0 0 0
4299550791 0 0 0
4299550804 0 0 0
4299550817 0 0 0
4299550830 0 0 0
4299550843 12300 0 4
4299550856 36900 0 16
4299550869 53300 0 24
4299550882 0 0 0
4299550895 0 0 0
4299550908 0 0 0
4299550921 0 0 0
4299550934 0 0 0
4299550947 0 0 0
4299550960 0 0 0
4299550973 0 0 0
4299550986 0 0 0
4299550999 0 0 0
4299551012 0 0 0
4299551025 0 0 0
4299551038 0 0 0
4299551051 0 0 0
4299551064 0 0 0
4299551077 0 0 0
4299551090 9772 0 6
4299551103 26441 0 12
4299551116 22727 0 10
4299551129 27010 0 13
4299551142 0 0 0
4299551155 0 0 0
4299551168 0 0 0
4299551181 0 0 0
4299551194 0 0 0
4299551207 0 0 0
4299551220 0 0 0
4299551233 0 0 0
4299551246 0 0 0
4299551259 0 0 0
4299551272 0 0 0
4299551285 0 0 0
4299551298 0 0 0
4299551311 0 0 0
4299551324 0 0 0
4299551337 0 0 0
4299551350 19147 0 9
4299551364 27015 0 13
4299551377 15213 0 20
4299551390 8800 0 17
4299551403 0 0 0
4299551416 0 0 0
4299551429 0 0 0
4299551442 0 0 0
4299551455 0 0 0
4299551468 0 0 0
4299551481 0 0 0
4299551494 0 0 0
4299551507 0 0 0
4299551520 0 0 0
4299551533 0 0 0
4299551546 0 0 0
4299551559 0 0 0
4299551572 0 0 0
4299551585 0 0 0
4299551599 4763 6 4
4299551612 1440 5 5
4299551625 2537 7 11
4299551638 585 11 0
4299551651 1573 1 9
4299551664 1391 6 4
4299551677 317 7 0
4299551690 1412 21 2
4299551703 744 15 1
4299551716 1181 12 3
4299551729 536 25 0
4299551742 38 0 0
4299551755 1691 3 2
4299551768 268 16 0
4299551781 3410 141 4
4299551794 3433 216 2
4299551807 638 4 1
4299551820 3459 52 5
4299551833 465 11 0
4299551846 3449 176 3
4299551859 2632 286 4
4299551872 778 76 1
4299551885 110 10 0
4299551898 1695 107 3
4299551911 1382 157 3
4299551924 975 74 0
4299551937 453 22 0
4299551950 66 4 0
4299551964 596 63 2
4299551977 1022 121 0
4299551991 224 23 1
4299552004 1050 145 3
4299552017 184 28 0
4299552030 657 121 3
4299552043 173 23 0
4299552056 286 36 0
4299552069 310 27 0
4299552082 493 58 0
4299552095 1800 209 2
4299552108 2099 301 4
4299552121 510 71 1
4299552134 527 56 3
4299552147 0 1 0
4299552160 587 96 0
4299552173 365 29 2
4299552187 11 0 0
4299552200 584 85 0
4299552214 15 0 3
4299552227 100 23 0
4299552240 847 126 1
4299552253 105 15 0
4299552266 326 53 0
4299552279 1376 190 2
4299552292 78 9 0
4299552305 1417 235 1
4299552318 68 4 0
4299552331 306 80 1
4299552344 37 7 0
4299552357 1634 288 5
4299552370 433 70 0
4299552383 15 0 0
4299552396 174 26 1
4299552409 1025 308 3
4299552422 228 69 0
4299552436 182 42 0
4299552449 248 36 1
4299552462 685 96 0
4299552475 193 27 0
4299552488 590 62 1
4299552501 960 120 0
4299552514 181 30 0
4299552527 278 36 0
4299552540 799 123 3
4299552553 60 13 1
4299552566 682 101 2
4299552579 164 22 1
4299552592 1172 317 4
4299552606 160 28 0
4299552619 171 35 2
4299552632 252 63 0
4299552645 292 78 0
4299552658 371 64 1
4299552671 1217 148 2
4299552684 58 10 0
4299552698 1429 365 3
4299552711 0 0 1
4299552725 313 36 1
4299552738 241 36 0
4299552752 974 142 2
4299552766 42 7 4
4299552779 73 26 0
4299552792 974 197 1
4299552805 78 29 0
4299552819 160 32 1
4299552833 1508 307 3
4299552846 139 19 0
4299552859 8 4 0
4299552872 472 101 1
4299552885 572 168 1
4299552898 426 131 0
4299552911 202 53 0
4299552924 110 13 0
4299552937 90 21 0
4299552950 1091 247 3
4299552964 67 11 0
4299552977 446 118 1
4299552990 973 258 1
4299553003 86 17 0
4299553017 1637 451 4
4299553030 3166 865 8
4299553043 93 23 0
4299553056 107 33 0
4299553069 167 39 0
4299553083 120 32 0
4299553096 14 4 0
4299553109 17 4 0
4299553122 64 9 0
4299553135 40 12 0
4299553148 51 9 0
4299553161 13 7 0
4299553174 26 5 0
4299553187 133 54 0
4299553200 0 0 0
4299553213 75 21 1
4299553226 418 92 1
4299553239 202 48 0
4299553252 79 30 0
4299553265 143 27 2
4299553278 0 0 0
4299553291 32 4 0
4299553304 9 6 0
4299553317 1 0 0
4299553330 32 6 1
4299553343 17 3 0
4299553356 131 33 0
4299553369 29 10 0
4299553382 103 17 0
4299553395 300 88 0
4299553408 143 45 1
4299553421 791 209 0
4299553434 25 8 0
4299553447 65 15 0
4299553460 32 12 1
4299553474 22 9 0
4299553487 39 11 0
4299553500 1 1 0
4299553513 137 12 2
4299553526 27 9 0
4299553539 1224 352 5
4299553552 14983 4396 52
4299553565 5275 1724 15
4299553578 472 134 0
4299553591 282 84 1
4299553605 1084 290 2
4299553618 0 0 0
4299553631 0 0 0
4299553644 0 0 0
4299553657 0 0 0
4299553670 1631 478 4
4299553683 0 0 0
4299553696 0 0 0
4299553709 0 0 0
4299553722 0 0 0
4299553735 0 0 0
4299553748 0 0 0
4299553761 0 0 0
4299553774 0 0 0
4299553787 0 0 0
4299553800 3746 1000 6
4299553814 3450 918 10
4299553827 2386 628 10
4299553840 263 89 0
4299553853 464 140 4
4299553866 45 23 0
4299553879 7 12 0
4299553892 0 0 0
4299553906 135 54 0
4299553919 0 0 0
4299553932 118 25 1
4299553945 0 0 0
4299553958 48 17 0
4299553971 214 69 1
4299553984 54 9 1
4299553997 1136 319 4
4299554010 86 39 0
4299554023 0 0 0
4299554036 0 0 0
4299554049 0 0 0
4299554062 0 0 0
4299554075 8 0 1
4299554088 123 36 0
4299554101 154 54 0
4299554114 0 0 0
4299554127 208 43 1
4299554140 26 9 0
4299554153 38 12 0
4299554166 29 10 0
4299554179 36 9 0
4299554192 28 13 0
4299554205 25 12 0
4299554218 100 30 0
4299554231 101 36 0
4299554244 120 39 0
4299554257 81 36 1
4299554270 132 33 0
4299554283 89 36 0
4299554296 95 33 0
4299554309 118 36 0
4299554322 120 36 1
4299554335 93 33 1
4299554348 97 30 0
4299554361 123 36 0
4299554374 98 28 1
4299554387 105 36 0
4299554400 127 36 2
4299554413 93 36 0
4299554426 78 29 2
4299554439 115 36 0
4299554452 64 30 1
4299554465 131 36 0
4299554478 105 36 0
4299554491 122 36 1
4299554504 2014 785 6
4299554517 107 36 0
4299554530 55 33 0
4299554543 87 36 0
4299554556 58 32 1
4299554569 94 35 0
4299554582 80 36 0
4299554595 70 30 0
4299554608 90 33 1
4299554621 70 36 0
4299554634 66 36 0
4299554647 101 29 0
4299554660 71 36 0
4299554673 103 33 0
4299554686 54 30 0
4299554699 96 36 0
4299554712 81 31 0
4299554725 1941 765 5
4299554738 423 209 2
4299554752 302 53 1
4299554765 119 35 0
4299554778 32 11 0
4299554791 28 15 0
4299554804 43 22 0
4299554817 108 67 1
4299554830 257 107 0
4299554843 119 72 1
4299554856 126 83 0
4299554869 164 87 0
4299554882 1 0 0
4299554895 490 185 1
4299554908 11 2 0
4299554921 135 37 0
4299554934 13 2 2
4299554947 18 7 0
4299554960 59 25 0
4299554973 3431 1602 14
4299554986 2868 1297 13
4299554999 2006 967 9
4299555012 1599 550 1
4299555025 930 372 3
4299555038 1194 289 3
4299555051 0 0 0
4299555064 131 36 0
4299555077 595 141 3
4299555090 2073 732 13
4299555103 7084 2834 33
4299555116 1945 826 4
4299555129 0 0 0
4299555142 0 0 0
4299555155 0 0 0
4299555168 0 0 0
4299555181 0 0 0
4299555194 0 0 0
4299555207 0 0 0
4299555220 0 0 0
4299555233 2081 811 5
4299555246 2433 1099 6
4299555259 862 390 2
4299555272 429 174 3
4299555286 343 156 0
4299555300 437 206 0
4299555313 230 132 0
4299555326 173 72 0
4299555339 64 25 0
4299555352 115 37 0
4299555365 892 317 4
4299555378 0 9 1
4299555391 183 58 0
4299555404 0 0 0
4299555417 221 114 1
4299555430 0 0 2
4299555443 0 0 0
4299555456 128 64 0
4299555469 0 0 0
4299555482 27 5 1
4299555495 50 18 1
4299555508 97 36 0
4299555521 65 30 0
4299555534 88 33 0
4299555547 53 14 0
4299555560 20 6 0
4299555573 21 9 0
4299555586 42 12 0
4299555599 25 8 0
4299555612 24 9 0
4299555625 17 9 0
4299555638 44 9 0
4299555651 12 6 0
4299555664 31 11 0
4299555677 22 9 0
4299555690 31 9 0
4299555703 54 8 0
4299555716 57 9 0
4299555729 51 9 0
4299555742 50 9 0
4299555755 70 18 0
4299555768 705 238 5
4299555781 125 24 1
4299555794 135 27 0
4299555807 47 21 0
4299555820 82 24 0
4299555833 83 26 0
4299555846 40 19 0
4299555859 80 25 0
4299555872 77 24 0
4299555885 71 24 0
4299555898 59 24 0
4299555911 57 30 2
4299555924 46 24 0
4299555937 61 27 0
4299555950 56 24 0
4299555963 78 38 0
4299555976 78 24 0
4299555989 39 24 0
4299556002 60 24 2
4299556015 22 12 0
4299556028 37 12 1
4299556041 35 11 0
4299556054 18 9 0
4299556067 19 12 0
4299556080 40 17 0
4299556093 33 11 0
4299556106 33 12 0
4299556119 27 9 0
4299556132 31 15 0
4299556145 21 9 0
4299556158 55 9 0
4299556171 19 9 0
4299556184 87 23 0
4299556197 34 15 0
4299556210 57 9 1
4299556223 26 9 0
4299556236 35 11 0
4299556249 45 12 1
4299556262 82 21 0
4299556275 966 416 6
4299556288 680 214 0
4299556301 60 24 0
4299556314 62 24 0
4299556327 71 27 0
4299556340 68 23 1
4299556353 90 27 0
4299556366 196 48 1
4299556379 185 48 0
4299556392 68 39 0
4299556405 123 72 1
4299556418 156 93 0
4299556431 184 77 0
4299556444 68 36 0
4299556457 55 32 0
4299556470 693 393 2
4299556483 513 280 3
4299556496 18 13 2
4299556509 45 36 0
4299556522 39 36 0
4299556535 108 69 1
4299556548 282 238 1
4299556561 65 32 1
4299556574 86 36 0
4299556587 105 35 1
4299556600 66 34 0
4299556613 150 53 0
4299556626 484 217 1
4299556639 99 36 0
4299556652 130 39 0
4299556665 108 36 0
4299556678 123 39 1
4299556691 33 11 0
4299556704 22 9 0
4299556717 22 9 0
4299556730 41 15 0
4299556743 54 21 0
4299556756 22 9 0
4299556769 15 9 0
4299556782 32 9 0
4299556795 33 15 0
4299556808 48 21 0
4299556822 699 298 4
4299556835 29 9 0
4299556848 29 9 0
4299556861 33 9 0
4299556874 53 15 0
4299556887 15 9 0
4299556900 26 9 0
4299556913 32 7 0
4299556926 23 6 0
4299556939 24 9 0
4299556952 3 3 0
4299556965 1160 480 6
4299556978 3 5 0
4299556991 0 4 0
4299557004 0 1 0
4299557017 57 8 0
4299557030 33 11 0
4299557043 139 67 0
4299557056 247 98 0
4299557069 434 230 4
4299557082 169 64 1
4299557095 14 21 0
4299557108 342 151 1
4299557121 402 222 2
4299557134 20 13 0
4299557147 2176 940 9
4299557160 0 0 0
4299557173 434 221 3
4299557186 4199 2446 24
4299557199 4048 2664 24
4299557212 1175 586 4
4299557225 1327 772 5
4299557238 0 0 2
4299557251 370 207 2
4299557264 1667 728 6
4299557277 0 0 0
4299557290 0 0 0
4299557303 0 0 0
4299557316 0 0 0
4299557329 0 0 0
4299557342 0 0 0
4299557355 0 0 0
4299557368 739 279 2
4299557381 0 0 0
4299557394 877 404 4
4299557407 1400 700 5
4299557420 0 0 0
4299557433 658 317 2
4299557446 3697 1806 11
4299557459 5073 3019 24
4299557472 850 530 4
4299557485 309 185 0
4299557498 479 235 0
4299557511 603 349 4
4299557524 105 57 0
4299557537 554 406 3
4299557550 126 81 2
4299557563 365 212 0
4299557576 203 123 1
4299557589 337 231 3
4299557602 126 91 1
4299557615 338 294 3
4299557628 434 255 5
4299557641 46 15 0
4299557654 218 146 3
4299557668 195 120 2
4299557682 269 152 3
4299557695 63 44 0
4299557708 463 265 2
4299557721 44 37 0
4299557734 81 63 0
4299557747 7 7 0
4299557760 46 29 0
4299557773 586 258 3
4299557786 20 10 1
4299557799 176 93 1
4299557812 127 68 1
4299557825 41 20 0
4299557838 44 29 0
4299557851 74 32 0
4299557864 72 36 0
4299557877 87 34 0
4299557890 45 33 0
4299557903 76 27 0
4299557916 496 258 1
4299557929 60 25 0
4299557942 49 30 0
4299557955 104 36 0
4299557968 45 29 1
4299557981 386 328 3
4299557994 168 106 0
4299558007 6 10 0
4299558020 20 13 0
4299558033 196 111 2
4299558046 150 75 0
4299558059 71 36 1
4299558072 263 144 0
4299558085 57 33 1
4299558098 66 38 0
4299558112 266 140 1
4299558125 72 36 0
4299558138 59 35 0
4299558151 115 70 1
4299558164 270 153 0
4299558177 47 30 1
4299558190 55 36 0
4299558203 198 148 0
4299558216 174 118 0
4299558229 138 103 1
4299558242 0 0 0
4299558255 175 181 1
4299558268 34 33 0
4299558281 179 177 3
4299558294 41 36 1
4299558307 41 33 0
4299558320 373 343 0
4299558333 89 59 1
4299558346 6 0 0
4299558360 6 10 0
4299558373 42 25 0
4299558386 176 110 1
4299558399 50 30 0
4299558412 27 31 0
4299558425 245 167 1
4299558438 139 64 0
4299558451 42 33 1
4299558464 221 158 0
4299558477 34 32 0
4299558490 30 27 0
4299558503 65 36 0
4299558516 23 20 0
4299558529 249 164 1
4299558542 34 23 0
4299558555 41 29 0
4299558568 33 24 1
4299558581 151 118 1
4299558594 37 32 0
4299558608 40 35 0
4299558621 240 217 1
4299558634 60 45 0
4299558647 200 144 3
4299558660 228 220 0
4299558673 58 35 0
4299558686 200 96 2
4299558699 0 0 0
4299558712 23 15 0
4299558725 210 128 0
4299558738 12 10 0
4299558751 145 139 0
4299558764 60 36 0
4299558777 190 157 1
4299558790 47 41 0
4299558803 32 29 1
4299558816 226 180 3
4299558829 34 36 0
4299558842 151 125 1
4299558855 170 143 0
4299558868 265 293 1
4299558881 56 30 0
4299558894 385 273 4
4299558907 113 40 0
4299558920 16 19 2
4299558933 779 450 4
4299558946 0 2 0
4299558959 23 5 0
4299558972 16 7 0
4299558985 25 24 0
4299558999 102 63 0
4299559012 121 109 1
4299559025 1 5 0
4299559038 40 29 0
4299559051 34 27 0
4299559064 5 5 0
4299559077 47 19 1
4299559090 0 2 0
4299559103 11 4 0
4299559116 42 14 0
4299559129 462 339 4
4299559142 1 0 0
4299559155 0 0 0
4299559168 94 90 1
4299559181 24 18 1
4299559194 26 8 0
4299559207 20 10 0
4299559220 13 13 0
4299559233 2 7 0
4299559247 3 6 0
4299559260 39 23 0
4299559273 13 23 0
4299559286 17 11 0
4299559299 13 14 0
4299559312 25 23 1
4299559325 0 1 0
4299559338 0 0 0
4299559351 45 14 0
4299559364 32 22 0
4299559377 41 40 0
4299559390 65 49 0
4299559403 70 48 0
4299559416 64 39 0
4299559429 76 65 2
4299559442 2606 1906 15
4299559455 498 585 0
4299559468 888 720 4
4299559481 770 554 4
4299559494 52 48 1
4299559507 1131 1046 5
4299559520 648 451 5
4299559533 579 469 3
4299559546 1033 779 4
4299559559 108 73 0
4299559572 0 0 0
4299559585 0 0 0
4299559598 0 0 0
4299559611 0 0 0
4299559624 0 0 0
4299559637 0 0 0
4299559650 0 0 0
4299559663 0 0 0
4299559676 0 0 0
4299559689 2024 1484 10
4299559702 4153 2949 24
4299559715 1481 1496 11
4299559728 1305 982 2
4299559742 516 381 1
4299559755 522 415 3
4299559768 1608 1234 10
4299559781 1125 791 6
4299559794 702 486 4
4299559807 1136 634 3
4299559820 0 0 0
4299559833 0 0 0
4299559846 0 0 0
4299559859 0 0 0
4299559872 0 0 0
4299559885 0 0 0
4299559898 0 0 0
4299559911 0 0 0
4299559924 0 0 0
4299559937 0 0 0
4299559950 996 591 4
4299559963 945 598 3
4299559976 192 143 0
4299559989 432 347 3
4299560002 40 24 0
4299560015 22 21 0
4299560028 43 26 0
4299560041 49 35 0
4299560054 339 260 4
4299560068 20 14 0
4299560081 17 21 0
4299560094 25 30 0
4299560107 43 28 0
4299560120 41 24 0
4299560133 350 246 0
4299560146 30 21 0
4299560159 16 21 0
4299560172 40 23 0
4299560185 10 12 0
4299560198 9 9 0
4299560211 6 11 0
4299560224 232 187 0
4299560237 7 9 0
4299560250 13 9 0
4299560263 11 8 0
4299560277 32 20 0
4299560290 18 9 0
4299560303 16 8 0
4299560316 10 8 0
4299560329 14 14 0
4299560342 18 11 0
4299560355 19 8 0
4299560368 29 9 0
4299560381 13 8 0
4299560394 7 8 0
4299560407 21 8 0
4299560420 14 12 0
4299560433 23 17 0
4299560446 343 251 0
4299560459 41 24 0
4299560472 40 20 0
4299560485 32 24 0
4299560498 421 297 0
4299560511 24 21 0
4299560524 32 24 0
4299560537 41 27 0
4299560550 244 168 0
4299560563 38 29 0
4299560576 42 27 0
4299560589 129 80 0
4299560602 38 26 2
4299560615 128 67 0
4299560628 41 30 0
4299560641 39 26 0
4299560654 362 244 0
4299560667 35 24 1
4299560680 0 0 0
4299560693 277 153 2
4299560706 0 0 0
4299560719 14 33 0
4299560732 101 83 1
4299560745 12 5 1
4299560758 9 9 0
4299560771 9 9 0
4299560784 368 298 4
4299560797 23 31 0
4299560810 400 343 4
4299560823 0 0 0
4299560837 146 76 1
4299560850 0 0 0
4299560863 13 13 0
4299560876 285 163 1
4299560889 166 123 1
4299560902 101 42 0
4299560915 217 130 0
4299560928 65 53 0
4299560941 226 160 1
4299560954 96 54 0
4299560967 134 86 1
4299560980 95 90 1
4299560993 112 94 1
4299561006 67 36 2
4299561019 124 141 1
4299561032 230 224 3
4299561045 31 35 0
4299561058 41 39 0
4299561071 144 135 2
4299561084 135 110 0
4299561097 168 157 0
4299561110 52 39 0
4299561123 217 182 3
4299561136 50 42 0
4299561149 286 298 2
4299561162 28 33 0
4299561175 34 35 0
4299561188 292 301 4
4299561201 37 36 0
4299561214 35 32 0
4299561227 228 208 2
4299561240 32 36 1
4299561253 54 38 1
4299561266 313 214 1
4299561279 50 42 0
4299561292 135 144 4
4299561305 52 44 0
4299561318 153 159 2
4299561331 9 8 0
4299561344 19 11 0
4299561357 22 9 0
4299561370 112 102 0
4299561383 10 9 0
4299561396 22 9 0
4299561409 9 9 0
4299561422 22 14 0
4299561435 23 9 0
4299561448 23 12 0
4299561461 219 180 0
4299561474 11 9 0
4299561487 13 9 0
4299561500 3 8 0
4299561513 28 30 0
4299561527 25 30 0
4299561540 23 26 0
4299561553 30 29 0
4299561566 201 165 2
4299561579 32 24 0
4299561592 25 26 0
4299561605 210 237 5
4299561618 14 22 0
4299561631 10 27 0
4299561644 113 128 0
4299561657 23 24 0
4299561670 18 27 0
4299561683 251 263 1
4299561696 36 41 0
4299561709 40 45 0
4299561722 224 275 4
4299561735 213 220 0
4299561748 233 259 0
4299561761 124 92 3
4299561774 41 36 0
4299561787 121 133 3
4299561800 74 93 3
4299561813 103 124 2
4299561826 108 132 4
4299561839 27 39 0
4299561852 392 381 3
4299561865 71 70 0
4299561878 10 5 0
4299561891 76 102 0
4299561904 103 60 1
4299561917 168 135 1
4299561930 26 19 0
4299561943 116 105 0
4299561956 33 30 0
4299561969 114 102 1
4299561983 238 292 2
4299561996 23 42 0
4299562009 16 39 0
4299562022 33 48 1
4299562035 167 217 2
4299562048 21 35 0
4299562061 35 37 0
4299562074 230 262 3
4299562087 30 27 0
4299562100 30 39 0
4299562113 131 183 3
4299562126 12 9 0
4299562139 5 7 0
4299562152 3 6 0
4299562165 5 8 0
4299562178 8 10 0
4299562191 10 9 0
4299562204 10 9 0
4299562217 14 9 0
4299562230 16 8 0
4299562243 8 9 0
4299562256 3 8 0
4299562269 7 8 0
4299562282 10 11 0
4299562295 0 0 0
4299562308 0 0 0
4299562321 0 0 0
4299562334 0 0 0
4299562347 0 0 0
4299562360 0 0 0
4299562373 2 6 0
4299562386 3 4 0
4299562399 1 4 0
4299562412 3 6 0
4299562425 2 4 0
4299562438 7 8 0
4299562451 2 7 0
4299562464 16 16 0
4299562478 11 30 1
4299562491 329 342 3
4299562504 317 336 6
4299562517 20 21 0
4299562530 22 23 2
4299562544 38 36 1
4299562557 20 23 0
4299562570 28 26 0
4299562583 146 201 0
4299562596 21 27 0
4299562609 25 25 1
4299562622 96 112 3
4299562635 10 24 0
4299562648 21 24 0
4299562661 230 246 3
4299562674 17 24 0
4299562687 11 15 0
4299562700 3 9 0
4299562713 143 159 0
4299562726 14 9 0
4299562739 6 9 0
4299562752 6 11 0
4299562765 12 15 0
4299562778 24 29 2
4299562791 102 128 3
4299562804 10 9 0
4299562817 10 8 0
4299562830 14 15 0
4299562843 3 8 0
4299562856 16 9 0
4299562869 12 12 0
4299562882 13 12 0
4299562895 1 8 0
4299562908 15 12 0
4299562921 672 764 12
4299562934 1749 1985 17
4299562947 363 491 3
4299562960 495 700 5
4299562973 415 540 3
4299562986 666 908 7
4299562999 638 759 5
4299563012 843 649 5
4299563025 0 0 0
4299563038 0 0 0
4299563051 0 0 0
4299563064 0 0 0
4299563077 0 0 0
4299563090 0 0 0
4299563103 0 0 0
4299563116 0 0 0
4299563129 0 0 0
4299563142 0 0 0
4299563155 0 0 0
4299563168 0 0 0
4299563181 1683 1668 24
4299563194 1627 1747 13
4299563207 1004 975 6
4299563220 782 871 6
4299563233 0 0 0
4299563246 1076 1053 6
4299563259 1474 1308 14
4299563272 850 652 6
4299563285 0 0 0
4299563298 0 0 0
4299563311 0 0 0
4299563324 0 0 0
4299563337 0 0 0
4299563350 0 0 0
4299563363 0 0 0
4299563376 0 0 0
4299563389 0 0 0
4299563402 0 0 0
4299563415 0 0 0
4299563428 74 61 1
4299563441 1737 1443 13
4299563454 1489 1306 12
4299563467 875 675 3
4299563480 201 176 2
4299563493 7 11 0
4299563506 1071 795 11
4299563519 1753 1226 14
4299563532 0 0 0
4299563545 0 0 0
4299563558 0 0 0
4299563571 0 0 0
4299563584 0 0 0
4299563597 0 0 0
4299563610 0 0 0
4299563623 0 0 0
4299563636 0 0 0
4299563649 0 0 0
4299563662 0 0 0
4299563675 0 0 0
4299563688 548 407 4
4299563701 1393 1069 12
4299563714 1096 751 4
4299563727 452 431 1
4299563740 0 0 0
4299563753 669 448 3
4299563766 957 628 4
4299563779 815 501 3
4299563792 0 0 0
4299563805 0 0 0
4299563818 0 0 0
4299563831 0 0 0
4299563844 0 0 0
4299563857 0 0 0
4299563870 0 0 0
4299563883 0 0 0
4299563896 0 0 0
4299563909 0 0 0
4299563922 0 0 0
4299563935 3 3 1
4299563948 515 309 3
4299563961 765 449 6
4299563974 564 346 2
4299563987 442 301 2
4299564000 0 0 0
4299564014 782 461 6
4299564027 1044 500 3
4299564040 0 0 0
4299564053 0 0 0
4299564066 0 0 0
4299564079 0 0 0
4299564092 0 0 0
4299564105 0 0 0
4299564118 0 0 0
4299564131 0 0 0
4299564144 0 0 0
4299564157 0 0 0
4299564170 0 0 0
4299564183 0 0 0
4299564196 4 1 1
4299564209 197 83 1
4299564222 190 100 0
4299564236 0 0 0
4299564249 0 0 0
4299564262 3 4 2
4299564275 329 123 5
4299564288 0 0 0
4299564301 0 0 0
4299564314 0 0 0
4299564327 0 0 0
4299564340 0 0 0
4299564353 0 0 0
4299564366 0 0 0
4299564380 0 0 0
4299564393 0 0 0
4299564406 0 0 0
4299564419 0 0 0
4299564432 0 0 0
4299564445 0 0 0
4299564458 0 0 0
4299564471 0 0 0
4299564484 0 0 0
4299564497 0 0 0
4299564510 0 0 0
4299564523 9 9 4
4299564536 0 0 0
4299564549 0 0 0
4299564562 0 0 0
4299564575 0 0 0
4299564588 0 0 0
4299564601 0 0 0
4299564614 0 0 0
4299564627 0 0 0
4299564640 0 0 0
4299564653 0 0 0
4299564666 0 0 0
4299564679 0 0 0
4299564692 0 0 0
4299564705 0 0 0
4299564718 0 0 0
4299564731 0 0 0
4299564744 0 0 0
4299564757 0 0 0
4299564770 0 0 0
4299564783 0 0 0
4299564796 0 0 0
4299564809 0 0 0
4299564822 0 0 0
4299564835 0 0 0
4299564848 0 0 0
4299564861 0 0 0
4299564874 0 0 0
4299564887 0 0 0
4299564900 0 0 0
4299564913 0 0 0
4299564926 0 0 0
4299564939 0 0 0
4299564952 0 0 0
4299564965 0 0 0
4299564979 0 0 0
4299564992 0 0 0
4299565005 0 0 0
4299565018 0 0 0
4299565031 0 0 0
4299565044 0 0 0
4299565057 0 0 0
4299565070 0 0 0
4299565083 0 0 0
4299565096 0 0 0
4299565109 0 0 0
4299565122 0 0 0
4299565135 0 0 0
4299565148 0 0 0
4299565161 0 0 0
4299565174 0 0 0
4299565187 0 0 0
4299565200 0 0 0
4299565213 0 0 0
4299565226 0 0 0
4299565239 0 0 0
4299565252 0 0 0
4299565265 0 0 0
4299565278 0 0 0
4299565291 0 0 0
4299565304 0 0 0
4299565317 0 0 0
4299565330 0 0 0
4299565343 0 0 0
4299565356 0 0 0
4299565369 0 0 0
4299565382 0 0 0
4299565395 0 0 0
4299565408 0 0 0
4299565421 0 0 0
4299565434 0 0 0
4299565447 0 0 0
4299565460 0 0 0
4299565473 0 0 0
4299565486 0 0 0
4299565499 0 0 0
4299565512 0 0 0
4299565525 0 0 0
4299565538 0 0 0
4299565551 0 0 0
4299565564 0 0 0
4299565577 0 0 0
4299565590 0 0 0
4299565603 0 0 0
4299565616 0 0 0
4299565629 0 0 0
4299565642 0 0 0
4299565655 0 0 0
4299565668 0 0 0
4299565681 0 0 0
4299565694 0 0 0
4299565707 0 0 0
4299565720 0 0 0
4299565733 0 0 0
4299565746 0 0 0
4299565759 0 0 0
4299565772 0 0 0
4299565785 0 0 0
4299565798 0 0 0
4299565811 0 0 0
4299565824 0 0 0
4299565837 0 0 0
4299565850 0 0 0
4299565863 0 0 0
4299565876 0 0 0
4299565889 0 0 0
4299565902 0 0 0
4299565915 0 0 0
4299565928 0 0 0
4299565941 0 0 0
4299565954 0 0 0
4299565967 0 0 0
4299565980 0 0 0
4299565993 0 0 0
4299566006 0 0 0
4299566019 0 0 0
4299566032 0 0 0
4299566045 0 0 0
4299566058 0 0 0
4299566071 0 0 0
4299566084 0 0 0
4299566097 0 0 0
4299566110 0 0 0
4299566123 0 0 0
4299566136 0 0 0
4299566149 0 0 0
4299566162 0 0 0
4299566175 0 0 0
4299566188 0 0 0
4299566201 0 0 0
4299566214 0 0 0
4299566227 0 0 0
4299566240 0 0 0
4299566253 0 0 0
4299566266 0 0 0
4299566279 0 0 0
4299566292 0 0 0
4299566305 0 0 0
4299566318 0 0 0
4299566331 0 0 0
4299566344 0 0 0
4299566357 0 0 0
4299566370 0 0 0
4299566383 0 0 0
4299566396 0 0 0
4299566409 0 0 0
4299566422 0 0 0
4299566435 0 0 0
4299566448 0 0 0
4299566461 0 0 0
4299566474 0 0 0
4299566487 0 0 0
4299566500 0 0 0
4299566513 0 0 0
4299566526 0 0 0
4299566539 0 0 0
4299566552 0 0 0
4299566565 0 0 0
4299566578 0 0 0
4299566591 0 0 0
4299566604 0 0 0
4299566617 0 0 0
4299566630 0 0 0
4299566643 0 0 0
4299566656 0 0 0
4299566669 0 0 0
4299566682 0 0 0
4299566695 0 0 0
4299566708 0 0 0
4299566721 0 0 0
4299566734 0 0 0
4299566747 0 0 0
4299566760 0 0 0
4299566773 0 0 0
4299566786 0 0 0
4299566799 0 0 0
4299566812 0 0 0
4299566825 0 0 0
4299566838 0 0 0
4299566851 0 0 0
4299566864 0 0 0
4299566877 0 0 0
4299566890 0 0 0
4299566903 0 0 0
4299566916 0 0 0
4299566930 0 0 0
4299566943 0 0 0
4299566956 0 0 0
4299566969 0 0 0
4299566983 0 0 0
4299566996 0 0 0
4299567009 0 0 0
4299567022 0 0 0
4299567035 0 0 0
4299567048 0 0 0
4299567061 0 0 0
4299567074 0 0 0
4299567087 0 0 0
4299567100 0 0 0
4299567113 0 0 0
4299567126 0 0 0
4299567139 0 0 0
4299567152 0 0 0
4299567165 0 0 0
4299567178 0 0 0
4299567191 0 0 0
4299567204 0 0 0
4299567217 0 0 0
4299567230 0 0 0
4299567243 0 0 0
4299567256 0 0 0
4299567269 0 0 0
4299567282 0 0 0
4299567295 0 0 0
4299567308 0 0 0
4299567321 0 0 0
4299567334 0 0 0
4299567347 0 0 0
4299567360 0 0 0
4299567373 0 0 0
4299567386 0 0 0
4299567399 0 0 0
4299567412 0 0 0
4299567425 0 0 0
4299567438 0 0 0
4299567451 0 0 0
4299567464 0 0 0
4299567477 0 0 0
4299567490 0 0 0
4299567503 0 0 0
4299567516 0 0 0
4299567529 0 0 0
4299567542 0 0 0
4299567555 0 0 0
4299567568 0 0 0
4299567581 0 0 0
4299567594 0 0 0
4299567607 0 0 0
4299567620 0 0 0
4299567633 0 0 0
4299567646 0 0 0
4299567659 0 0 0
4299567672 0 0 0
4299567685 0 0 0
4299567698 0 0 0
4299567711 0 0 0
4299567724 0 0 0
4299567737 0 0 0
4299567750 0 0 0
4299567763 0 0 0
4299567776 0 0 0
4299567789 0 0 0
4299567802 0 0 0
4299567815 0 0 0
4299567828 0 0 0
4299567841 0 0 0
4299567854 0 0 0
4299567867 0 0 0
4299567880 0 0 0
4299567893 0 0 0
4299567906 0 0 0
4299567919 0 0 0
4299567932 0 0 0
4299567945 0 0 0
4299567958 0 0 0
4299567971 0 0 0
4299567984 0 0 0
4299567997 0 0 0
4299568010 0 0 0
4299568023 0 0 0
4299568036 0 0 0
4299568049 0 0 0
4299568062 0 0 0
4299568075 0 0 0
4299568088 0 0 0
4299568101 0 0 0
4299568114 0 0 0
4299568127 0 0 0
4299568140 0 0 0
4299568153 0 0 0
4299568166 0 0 0
4299568179 0 0 0
4299568192 0 0 0
4299568205 0 0 0
4299568218 0 0 0
4299568231 0 0 0
4299568244 0 0 0
4299568257 0 0 0
4299568270 0 0 0
4299568283 0 0 0
4299568296 0 0 0
4299568309 0 0 0
4299568322 0 0 0
4299568335 0 0 0
4299568348 0 0 0
4299568361 0 0 0
4299568374 0 0 0
4299568387 0 0 0
4299568400 0 0 0
4299568413 0 0 0
4299568426 0 0 0
4299568439 0 0 0
4299568452 0 0 0
4299568465 0 0 0
4299568479 0 0 0
4299568492 0 0 0
4299568505 0 0 0
4299568518 0 0 0
4299568531 0 0 0
4299568544 0 0 0
4299568557 0 0 0
4299568570 0 0 0
4299568583 0 0 0
4299568596 0 0 0
4299568609 0 0 0
4299568622 0 0 0
4299568635 0 0 0
4299568648 0 0 0
4299568661 0 0 0
4299568674 0 0 0
4299568687 0 0 0
4299568700 0 0 0
4299568713 0 0 0
4299568726 0 0 0
4299568739 0 0 0
4299568752 0 0 0
4299568765 0 0 0
4299568779 0 0 0
4299568792 0 0 0
4299568805 0 0 0
4299568818 0 0 0
4299568831 0 0 0
4299568844 0 0 0
4299568857 0 0 0
4299568870 0 0 0
4299568883 0 0 0
4299568896 0 0 0
4299568909 0 0 0
4299568922 0 0 0
4299568935 0 0 0
4299568948 0 0 0
4299568961 0 0 0
4299568974 0 0 0
4299568987 0 0 0
4299569000 0 0 0
4299569013 0 0 0
4299569026 0 0 0
4299569039 0 0 0
4299569052 0 0 0
4299569065 0 0 0
4299569078 0 0 0
4299569091 0 0 0
4299569104 0 0 0
4299569117 0 0 0
4299569130 0 0 0
4299569143 0 0 0
4299569156 0 0 0
4299569169 0 0 0
4299569182 0 0 0
4299569195 0 0 0
4299569208 0 0 0
4299569221 0 0 0
4299569234 0 0 0
4299569247 0 0 0
4299569260 0 0 0
4299569273 0 0 0
4299569286 0 0 0
4299569299 0 0 0
4299569312 0 0 0
4299569325 0 0 0
4299569338 0 0 0
4299569351 0 0 0
4299569364 0 0 0
4299569377 0 0 0
4299569390 0 0 0
4299569403 0 0 0
4299569416 0 0 0
4299569429 0 0 0
4299569442 0 0 0
4299569455 0 0 0
4299569468 0 0 0
4299569481 0 0 0
4299569494 0 0 0
4299569507 0 0 0
4299569520 0 0 0
read 1512 profiled data
