4362854248 0 0 0
4362854261 0 0 0
4362854274 0 0 0
4362854287 0 0 0
4362854300 0 0 0
4362854313 0 0 0
4362854326 0 0 0
4362854339 0 0 0
4362854352 0 0 0
4362854365 0 0 0
4362854378 0 0 0
4362854391 0 0 0
4362854404 0 0 0
4362854417 0 0 0
4362854430 0 0 0
4362854443 0 0 0
4362854456 0 0 0
4362854469 0 0 0
4362854482 0 0 0
4362854495 0 0 0
4362854508 0 0 0
4362854521 0 0 0
4362854534 0 0 0
4362854547 0 0 0
4362854560 0 0 0
4362854573 0 0 0
4362854586 0 0 0
4362854599 0 0 0
4362854612 0 0 0
4362854625 0 0 0
4362854638 0 0 0
4362854651 0 0 0
4362854664 0 0 0
4362854677 0 0 0
4362854690 0 0 0
4362854703 0 0 0
4362854716 0 0 0
4362854729 0 0 0
4362854742 0 0 0
4362854755 0 0 0
4362854768 0 0 0
4362854781 0 0 0
4362854794 0 0 0
4362854807 0 0 0
4362854820 0 0 0
4362854833 0 0 0
4362854846 0 0 0
4362854859 0 0 0
4362854872 0 0 0
4362854885 0 0 0
4362854898 0 0 0
4362854911 0 0 0
4362854924 0 0 0
4362854937 0 0 0
4362854950 0 0 0
4362854963 0 0 0
4362854976 0 0 0
4362854989 0 0 0
4362855002 0 0 0
4362855015 0 0 0
4362855028 0 0 0
4362855041 0 0 0
4362855054 0 0 0
4362855067 0 0 0
4362855080 0 0 0
4362855093 0 0 0
4362855106 0 0 0
4362855119 0 0 0
4362855132 0 0 0
4362855145 0 0 0
4362855158 0 0 0
4362855171 0 0 0
4362855184 0 0 0
4362855197 0 0 0
4362855210 0 0 0
4362855223 0 0 0
4362855236 0 0 0
4362855249 0 0 0
4362855263 0 0 0
4362855276 0 0 0
4362855289 0 0 0
4362855302 0 0 0
4362855315 0 0 0
4362855328 0 0 0
4362855341 0 0 0
4362855354 0 0 0
4362855367 0 0 0
4362855380 0 0 0
4362855393 0 0 0
4362855406 0 0 0
4362855419 0 0 0
4362855432 0 0 0
4362855445 0 0 0
4362855458 0 0 0
4362855471 0 0 0
4362855484 0 0 0
4362855497 0 0 0
4362855510 0 0 0
4362855523 0 0 0
4362855536 0 0 0
4362855549 0 0 0
4362855562 0 0 0
4362855575 0 0 0
4362855588 0 0 0
4362855601 0 0 0
4362855614 0 0 0
4362855627 0 0 0
4362855640 0 0 0
4362855653 0 0 0
4362855666 0 0 0
4362855679 0 0 0
4362855692 0 0 0
4362855705 0 0 0
4362855718 0 0 0
4362855731 0 0 0
4362855744 0 0 0
4362855757 0 0 0
4362855770 0 0 0
4362855783 0 0 0
4362855796 0 0 0
4362855809 0 0 0
4362855822 0 0 0
4362855835 0 0 0
4362855848 0 0 0
4362855861 0 0 0
4362855874 0 0 0
4362855887 0 0 0
4362855900 0 0 0
4362855913 0 0 0
4362855926 0 0 0
4362855939 0 0 0
4362855952 0 0 0
4362855965 0 0 0
4362855978 0 0 0
4362855991 0 0 0
4362856004 0 0 0
4362856017 0 0 0
4362856030 0 0 0
4362856043 0 0 0
4362856056 0 0 0
4362856069 0 0 0
4362856082 0 0 0
4362856095 0 0 0
4362856108 0 0 0
4362856121 0 0 0
4362856134 0 0 0
4362856147 0 0 0
4362856160 0 0 0
4362856173 0 0 0
4362856186 0 0 0
4362856199 0 0 0
4362856212 0 0 0
4362856225 0 0 0
4362856238 0 0 0
4362856251 0 0 0
4362856264 0 0 0
4362856277 0 0 0
4362856290 0 0 0
4362856303 0 0 0
4362856316 0 0 0
4362856329 0 0 0
4362856342 0 0 0
4362856355 0 0 0
4362856368 0 0 0
4362856381 0 0 0
4362856394 0 0 0
4362856407 0 0 0
4362856420 0 0 0
4362856433 0 0 0
4362856446 0 0 0
4362856459 0 0 0
4362856472 0 0 0
4362856485 0 0 0
4362856498 0 0 0
4362856511 0 0 0
4362856524 0 0 0
4362856537 0 0 0
4362856550 0 0 0
4362856563 0 0 0
4362856576 0 0 0
4362856589 0 0 0
4362856602 0 0 0
4362856615 0 0 0
4362856628 0 0 0
4362856641 0 0 0
4362856654 0 0 0
4362856667 0 0 0
4362856680 0 0 0
4362856693 0 0 0
4362856706 0 0 0
4362856719 0 0 0
4362856732 0 0 0
4362856745 0 0 0
4362856758 0 0 0
4362856771 0 0 0
4362856784 0 0 0
4362856797 0 0 0
4362856810 0 0 0
4362856823 0 0 0
4362856836 0 0 0
4362856849 0 0 0
4362856862 0 0 0
4362856875 0 0 0
4362856888 0 0 0
4362856901 0 0 0
4362856914 0 0 0
4362856927 0 0 0
4362856940 0 0 0
4362856953 0 0 0
4362856966 0 0 0
4362856979 0 0 0
4362856992 0 0 0
4362857005 0 0 0
4362857018 0 0 0
4362857031 0 0 0
4362857044 0 0 0
4362857057 0 0 0
4362857070 0 0 0
4362857083 0 0 0
4362857096 0 0 0
4362857109 0 0 0
4362857122 0 0 0
4362857135 0 0 0
4362857148 0 0 0
4362857161 0 0 0
4362857174 0 0 0
4362857187 0 0 0
4362857200 0 0 0
4362857213 0 0 0
4362857226 0 0 0
4362857239 0 0 0
4362857252 0 0 0
4362857265 0 0 0
4362857278 0 0 0
4362857291 0 0 0
4362857304 0 0 0
4362857317 0 0 0
4362857330 0 0 0
4362857343 0 0 0
4362857356 0 0 0
4362857369 0 0 0
4362857382 0 0 0
4362857395 0 0 0
4362857408 0 0 0
4362857421 0 0 0
4362857434 0 0 0
4362857447 0 0 0
4362857460 0 0 0
4362857473 0 0 0
4362857486 0 0 0
4362857499 0 0 0
4362857512 0 0 0
4362857525 0 0 0
4362857538 0 0 0
4362857551 0 0 0
4362857564 0 0 0
4362857577 0 0 0
4362857590 0 0 0
4362857603 0 0 0
4362857616 0 0 0
4362857629 0 0 0
4362857642 0 0 0
4362857655 0 0 0
4362857668 0 0 0
4362857681 0 0 0
4362857694 0 0 0
4362857707 0 0 0
4362857720 0 0 0
4362857733 0 0 0
4362857746 0 0 0
4362857759 0 0 0
4362857772 0 0 0
4362857785 0 0 0
4362857798 0 0 0
4362857811 0 0 0
4362857824 0 0 0
4362857837 0 0 0
4362857850 0 0 0
4362857863 0 0 0
4362857876 0 0 0
4362857889 0 0 0
4362857902 0 0 0
4362857915 0 0 0
4362857928 0 0 0
4362857941 0 0 0
4362857954 0 0 0
4362857967 0 0 0
4362857980 0 0 0
4362857993 0 0 0
4362858006 0 0 0
4362858019 0 0 0
4362858032 0 0 0
4362858045 0 0 0
4362858058 0 0 0
4362858071 0 0 0
4362858084 0 0 0
4362858097 0 0 0
4362858110 0 0 0
4362858123 0 0 0
4362858136 0 0 0
4362858149 0 0 0
4362858162 0 0 0
4362858175 0 0 0
4362858188 0 0 0
4362858201 0 0 0
4362858214 0 0 0
4362858227 0 0 0
4362858240 0 0 0
4362858253 0 0 0
4362858266 0 0 0
4362858279 0 0 0
4362858292 0 0 0
4362858305 0 0 0
4362858318 0 0 0
4362858331 0 0 0
4362858344 0 0 0
4362858357 0 0 0
4362858370 0 0 0
4362858383 0 0 0
4362858396 0 0 0
4362858409 0 0 0
4362858422 0 0 0
4362858435 0 0 0
4362858448 0 0 0
4362858461 0 0 0
4362858474 0 0 0
4362858487 0 0 0
4362858500 0 0 0
4362858513 0 0 0
4362858526 0 0 0
4362858539 0 0 0
4362858552 0 0 0
4362858565 0 0 0
4362858578 0 0 0
4362858591 0 0 0
4362858604 0 0 0
4362858617 0 0 0
4362858630 0 0 0
4362858643 0 0 0
4362858656 0 0 0
4362858669 0 0 0
4362858682 0 0 0
4362858695 0 0 0
4362858708 0 0 0
4362858721 0 0 0
4362858734 0 0 0
4362858747 0 0 0
4362858760 0 0 0
4362858773 0 0 0
4362858786 0 0 0
4362858799 0 0 0
4362858812 0 0 0
4362858825 0 0 0
4362858838 0 0 0
4362858851 0 0 0
4362858864 0 0 0
4362858877 0 0 0
4362858890 0 0 0
4362858903 0 0 0
4362858916 0 0 0
4362858929 0 0 0
4362858942 0 0 0
4362858955 0 0 0
4362858968 0 0 0
4362858981 0 0 0
4362858994 0 0 0
4362859007 0 0 0
4362859020 0 0 0
4362859033 0 0 0
4362859046 0 0 0
4362859059 0 0 0
4362859072 0 0 0
4362859085 0 0 0
4362859098 0 0 0
4362859111 0 0 0
4362859124 0 0 0
4362859137 0 0 0
4362859150 0 0 0
4362859163 0 0 0
4362859176 0 0 0
4362859189 0 0 0
4362859202 0 0 0
4362859215 0 0 0
4362859228 0 0 0
4362859241 0 0 0
4362859254 0 0 0
4362859267 0 0 0
4362859280 0 0 0
4362859293 0 0 0
4362859306 0 0 0
4362859319 0 0 0
4362859332 0 0 0
4362859345 0 0 0
4362859358 0 0 0
4362859371 0 0 0
4362859384 0 0 0
4362859397 0 0 0
4362859410 0 0 0
4362859423 0 0 0
4362859436 0 0 0
4362859449 0 0 0
4362859462 0 0 0
4362859475 0 0 0
4362859488 0 0 0
4362859501 0 0 0
4362859514 0 0 0
4362859527 0 0 0
4362859540 0 0 0
4362859553 0 0 0
4362859566 0 0 0
4362859579 0 0 0
4362859592 0 0 0
4362859605 0 0 0
4362859618 0 0 0
4362859631 0 0 0
4362859644 0 0 0
4362859657 0 0 0
4362859670 0 0 0
4362859683 0 0 0
4362859696 0 0 0
4362859709 0 0 0
4362859722 0 0 0
4362859735 0 0 0
4362859748 0 0 0
4362859761 0 0 0
4362859774 0 0 0
4362859787 0 0 0
4362859800 0 0 0
4362859813 0 0 0
4362859826 0 0 0
4362859839 0 0 0
4362859852 0 0 0
4362859865 0 0 0
4362859878 0 0 0
4362859891 0 0 0
4362859904 0 0 0
4362859917 0 0 0
4362859930 0 0 0
4362859943 0 0 0
4362859956 0 0 0
4362859969 0 0 0
4362859982 0 0 0
4362859995 0 0 0
4362860008 0 0 0
4362860021 0 0 0
4362860034 0 0 0
4362860047 0 0 0
4362860060 0 0 0
4362860073 0 0 0
4362860086 0 0 0
4362860099 0 0 0
4362860112 0 0 0
4362860125 0 0 0
4362860138 0 0 0
4362860151 0 0 0
4362860164 0 0 0
4362860177 0 0 0
4362860190 0 0 0
4362860203 0 0 0
4362860216 0 0 0
4362860229 0 0 0
4362860242 0 0 0
4362860255 0 0 0
4362860268 0 0 0
4362860281 0 0 0
4362860294 0 0 0
4362860307 0 0 0
4362860320 0 0 0
4362860333 0 0 0
4362860346 0 0 0
4362860359 0 0 0
4362860372 0 0 0
4362860385 0 0 0
4362860398 0 0 0
4362860411 0 0 0
4362860424 0 0 0
4362860437 0 0 0
4362860450 46866 0 25
4362860463 94531 0 35
4362860476 0 0 0
4362860489 0 0 0
4362860502 0 0 0
4362860515 0 0 0
4362860528 0 0 0
4362860541 0 0 0
4362860554 0 0 0
4362860567 0 0 0
4362860580 0 0 0
4362860593 0 0 0
4362860606 0 0 0
4362860619 0 0 0
4362860632 0 0 0
4362860645 0 0 0
4362860658 0 0 0
4362860671 0 0 0
4362860684 0 0 0
4362860697 0 0 0
4362860710 57549 0 23
4362860723 53826 0 20
4362860736 0 0 0
4362860749 0 0 0
4362860762 0 0 0
4362860775 0 0 0
4362860788 0 0 0
4362860801 0 0 0
4362860814 0 0 0
4362860827 0 0 0
4362860840 0 0 0
4362860853 0 0 0
4362860866 0 0 0
4362860879 0 0 0
4362860892 0 0 0
4362860905 0 0 0
4362860918 0 0 0
4362860931 0 0 0
4362860944 0 0 0
4362860957 4645 0 2
4362860970 77558 0 32
4362860983 8501 0 2
4362860996 0 0 0
4362861009 0 0 0
4362861022 0 0 0
4362861035 0 0 0
4362861048 0 0 0
4362861061 0 0 0
4362861074 0 0 0
4362861087 0 0 0
4362861100 0 0 0
4362861113 0 0 0
4362861126 0 0 0
4362861139 0 0 0
4362861152 0 0 0
4362861165 0 0 0
4362861178 0 0 0
4362861191 0 0 0
4362861204 0 0 0
4362861217 34156 0 15
4362861230 46277 0 16
4362861243 0 0 0
4362861256 0 0 0
4362861269 0 0 0
4362861282 0 0 0
4362861295 0 0 0
4362861308 0 0 0
4362861321 0 0 0
4362861334 0 0 0
4362861347 0 0 0
4362861360 0 0 0
4362861373 0 0 0
4362861386 0 0 0
4362861399 0 0 0
4362861412 0 0 0
4362861425 0 0 0
4362861438 0 0 0
4362861451 0 0 0
4362861464 12078 0 5
4362861477 41313 0 19
4362861490 8109 0 3
4362861503 0 0 0
4362861516 0 0 0
4362861529 0 0 0
4362861542 0 0 0
4362861555 0 0 0
4362861568 0 0 0
4362861581 0 0 0
4362861594 0 0 0
4362861607 0 0 0
4362861620 0 0 0
4362861633 0 0 0
4362861646 0 0 0
4362861659 0 0 0
4362861672 0 0 0
4362861685 0 0 0
4362861698 0 0 0
4362861711 0 0 0
4362861724 37818 0 15
4362861737 13752 0 6
4362861750 0 0 0
4362861763 0 0 0
4362861776 0 0 0
4362861789 0 0 0
4362861802 0 0 0
4362861815 0 0 0
4362861828 0 0 0
4362861841 0 0 0
4362861854 0 0 0
4362861867 0 0 0
4362861880 0 0 0
4362861893 0 0 0
4362861906 0 0 0
4362861919 0 0 0
4362861932 0 0 0
4362861945 0 0 0
4362861958 0 0 0
4362861972 17697 0 8
4362861985 24408 0 11
4362861998 0 0 0
4362862011 0 0 0
4362862024 0 0 0
4362862037 0 0 0
4362862050 0 0 0
4362862064 0 0 0
4362862077 0 0 0
4362862090 0 0 0
4362862103 0 0 0
4362862116 0 0 0
4362862129 0 0 0
4362862142 0 0 0
4362862155 0 0 0
4362862168 0 0 0
4362862181 0 0 0
4362862194 0 0 0
4362862207 0 0 0
4362862220 6945 0 3
4362862233 20843 0 10
4362862246 6937 0 3
4362862259 0 0 0
4362862272 0 0 0
4362862285 0 0 0
4362862298 0 0 0
4362862311 0 0 0
4362862324 0 0 0
4362862337 0 0 0
4362862350 0 0 0
4362862363 0 0 0
4362862376 0 0 0
4362862389 0 0 0
4362862402 0 0 0
4362862415 0 0 0
4362862428 0 0 0
4362862441 0 0 0
4362862454 0 0 0
4362862467 1874 0 1
4362862480 18740 0 11
4362862493 7496 0 3
4362862506 0 0 0
4362862519 0 0 0
4362862532 0 0 0
4362862545 0 0 0
4362862558 0 0 0
4362862571 0 0 0
4362862584 0 0 0
4362862597 0 0 0
4362862610 0 0 0
4362862623 0 0 0
4362862636 0 0 0
4362862649 0 0 0
4362862663 0 0 0
4362862676 0 0 0
4362862689 0 0 0
4362862702 0 0 0
4362862715 0 0 0
4362862728 17622 0 8
4362862741 6408 0 3
4362862754 0 0 0
4362862767 0 0 0
4362862780 0 0 0
4362862793 0 0 0
4362862806 0 0 0
4362862819 0 0 0
4362862832 0 0 0
4362862845 0 0 0
4362862858 0 0 0
4362862871 0 0 0
4362862884 0 0 0
4362862897 0 0 0
4362862910 0 0 0
4362862923 0 0 0
4362862936 0 0 0
4362862949 0 0 0
4362862963 0 0 0
4362862976 7512 0 3
4362862989 11268 0 8
4362863002 0 0 0
4362863015 0 0 0
4362863028 0 0 0
4362863041 0 0 0
4362863054 0 0 0
4362863067 0 0 0
4362863080 0 0 0
4362863093 0 0 0
4362863106 0 0 0
4362863119 0 0 0
4362863132 0 0 0
4362863145 0 0 0
4362863158 0 0 0
4362863171 0 0 0
4362863184 0 0 0
4362863197 0 0 0
4362863210 0 0 0
4362863223 2946 0 2
4362863236 8838 0 4
4362863249 2946 0 3
4362863262 0 0 0
4362863275 0 0 0
4362863288 0 0 0
4362863301 0 0 0
4362863314 0 0 0
4362863327 0 0 0
4362863340 0 0 0
4362863353 0 0 0
4362863366 0 0 0
4362863379 0 0 0
4362863392 0 0 0
4362863405 0 0 0
4362863418 0 0 0
4362863431 0 0 0
4362863444 0 0 0
4362863457 0 0 0
4362863470 897 0 0
4362863483 8970 0 8
4362863496 3588 0 2
4362863509 0 0 0
4362863522 0 0 0
4362863535 0 0 0
4362863548 0 0 0
4362863561 0 0 0
4362863574 0 0 0
4362863587 0 0 0
4362863600 0 0 0
4362863613 0 0 0
4362863626 0 0 0
4362863639 0 0 0
4362863652 0 0 0
4362863665 0 0 0
4362863678 0 0 0
4362863691 0 0 0
4362863704 0 0 0
4362863717 0 0 0
4362863730 6962 0 5
4362863743 3853 0 2
4362863756 0 0 0
4362863769 0 0 0
4362863782 0 0 0
4362863795 0 0 0
4362863808 0 0 0
4362863821 0 0 0
4362863834 0 0 0
4362863847 0 0 0
4362863860 0 0 0
4362863873 0 0 0
4362863886 0 0 0
4362863899 0 0 0
4362863913 0 0 0
4362863926 0 0 0
4362863939 0 0 0
4362863952 0 0 0
4362863965 0 0 0
4362863978 3726 0 5
4362863991 5589 0 3
4362864004 0 0 0
4362864017 0 0 0
4362864030 0 0 0
4362864043 0 0 0
4362864056 0 0 0
4362864069 0 0 0
4362864082 0 0 0
4362864095 0 0 0
4362864108 0 0 0
4362864121 0 0 0
4362864134 0 0 0
4362864147 0 0 0
4362864160 0 0 0
4362864173 0 0 0
4362864186 0 0 0
4362864199 0 0 0
4362864212 0 0 0
4362864225 1443 0 1
4362864238 4038 0 5
4362864251 1734 0 1
4362864265 0 0 0
4362864278 0 0 0
4362864291 0 0 0
4362864304 0 0 0
4362864317 0 0 0
4362864330 0 0 0
4362864343 0 0 0
4362864356 0 0 0
4362864369 0 0 0
4362864382 0 0 0
4362864395 0 0 0
4362864408 0 0 0
4362864421 0 0 0
4362864434 0 0 0
4362864447 0 0 0
4362864460 0 0 0
4362864473 598 0 2
4362864486 3780 0 5
4362864499 1592 0 2
4362864512 0 0 0
4362864525 0 0 0
4362864538 0 0 0
4362864551 0 0 0
4362864564 0 0 0
4362864577 0 0 0
4362864590 0 0 0
4362864603 0 0 0
4362864616 0 0 0
4362864629 0 0 0
4362864642 0 0 0
4362864655 0 0 0
4362864668 0 0 0
4362864681 0 0 0
4362864694 0 0 0
4362864707 0 0 0
4362864720 0 0 0
4362864733 3817 0 4
4362864746 1388 0 2
4362864759 0 0 0
4362864772 0 0 0
4362864785 0 0 0
4362864798 0 0 0
4362864811 0 0 0
4362864824 0 0 0
4362864837 0 0 0
4362864850 0 0 0
4362864863 0 0 0
4362864876 0 0 0
4362864889 0 0 0
4362864902 0 0 0
4362864915 0 0 0
4362864928 0 0 0
4362864941 0 0 0
4362864954 0 0 0
4362864967 0 0 0
4362864980 1494 0 4
4362864993 2241 0 2
4362865006 0 0 0
4362865019 0 0 0
4362865032 0 0 0
4362865045 0 0 0
4362865058 0 0 0
4362865071 0 0 0
4362865084 0 0 0
4362865097 0 0 0
4362865110 0 0 0
4362865123 0 0 0
4362865136 0 0 0
4362865149 0 0 0
4362865162 0 0 0
4362865175 0 0 0
4362865188 0 0 0
4362865201 0 0 0
4362865214 0 0 0
4362865227 711 0 2
4362865240 2051 0 4
4362865253 793 0 2
4362865266 0 0 0
4362865279 0 0 0
4362865292 0 0 0
4362865305 0 0 0
4362865318 0 0 0
4362865331 0 0 0
4362865344 0 0 0
4362865357 0 0 0
4362865370 0 0 0
4362865383 0 0 0
4362865396 0 0 0
4362865409 0 0 0
4362865422 0 0 0
4362865435 0 0 0
4362865448 0 0 0
4362865461 0 0 0
4362865474 0 0 2
4362865487 0 0 23
4362865500 0 0 0
4362865513 0 0 0
4362865526 0 0 0
4362865539 0 0 0
4362865552 0 0 0
4362865565 0 0 0
4362865578 0 0 0
4362865591 0 0 0
4362865604 0 0 0
4362865617 0 0 0
4362865630 0 0 0
4362865643 0 0 0
4362865656 0 0 0
4362865669 0 0 0
4362865682 0 0 0
4362865695 0 0 0
4362865708 0 0 0
4362865721 0 0 0
4362865734 0 0 0
4362865747 0 0 0
4362865760 0 0 0
4362865773 0 0 0
4362865786 0 0 0
4362865799 0 0 0
4362865812 0 0 0
4362865825 0 0 0
4362865838 0 0 0
4362865851 0 0 0
4362865864 0 0 0
4362865877 0 0 0
4362865890 0 0 0
4362865903 0 0 0
4362865916 0 0 0
4362865929 0 0 0
4362865942 0 0 0
4362865955 0 0 0
4362865968 0 0 0
4362865981 0 0 0
4362865994 0 0 0
4362866007 0 0 0
4362866020 0 0 0
4362866033 0 0 0
4362866046 0 0 0
4362866059 0 0 0
4362866072 0 0 0
4362866085 0 0 0
4362866098 0 0 0
4362866111 0 0 0
4362866124 0 0 0
4362866137 0 0 0
4362866150 0 0 0
4362866163 0 0 0
4362866176 0 0 0
4362866189 0 0 0
4362866202 0 0 0
4362866215 0 0 0
4362866228 0 0 0
4362866241 0 0 0
4362866254 0 0 0
4362866267 0 0 0
4362866280 0 0 0
4362866293 0 0 0
4362866306 0 0 0
4362866319 0 0 0
4362866332 0 0 0
4362866345 0 0 0
4362866358 0 0 0
4362866371 0 0 0
4362866384 0 0 0
4362866397 0 0 0
4362866410 0 0 0
4362866423 0 0 0
4362866436 0 0 0
4362866449 0 0 0
4362866462 0 0 0
4362866475 0 0 0
4362866488 0 0 0
4362866501 0 0 0
4362866514 0 0 0
4362866527 0 0 0
4362866540 0 0 0
4362866553 0 0 0
4362866566 0 0 0
4362866579 0 0 0
4362866592 0 0 0
4362866605 0 0 0
4362866618 0 0 0
4362866631 0 0 0
4362866644 0 0 0
4362866657 0 0 0
4362866670 0 0 0
4362866683 0 0 0
4362866696 0 0 0
4362866709 0 0 0
4362866722 0 0 0
4362866735 0 0 0
4362866748 0 0 0
4362866761 0 0 0
4362866774 0 0 0
4362866787 0 0 0
4362866800 0 0 0
4362866813 0 0 0
4362866826 0 0 0
4362866839 0 0 0
4362866852 0 0 0
4362866865 0 0 0
4362866878 0 0 0
4362866891 0 0 0
4362866904 0 0 0
4362866917 0 0 0
4362866930 0 0 0
4362866943 0 0 0
4362866956 0 0 0
4362866969 0 0 0
4362866982 0 0 0
4362866995 0 0 0
4362867008 0 0 0
4362867021 0 0 0
4362867034 0 0 0
4362867047 0 0 0
4362867060 0 0 0
4362867073 0 0 0
4362867086 0 0 0
4362867099 0 0 0
4362867112 0 0 0
4362867125 0 0 0
4362867138 0 0 0
4362867151 0 0 0
4362867164 0 0 0
4362867177 0 0 0
4362867190 0 0 0
4362867203 0 0 0
4362867216 0 0 0
4362867229 0 0 0
4362867242 0 0 0
4362867255 0 0 0
4362867268 0 0 0
4362867281 0 0 0
4362867294 0 0 0
4362867307 0 0 0
4362867320 0 0 0
4362867333 0 0 0
4362867346 0 0 0
4362867359 0 0 0
4362867372 0 0 0
4362867385 0 0 0
4362867398 0 0 0
4362867411 0 0 0
4362867424 0 0 0
4362867437 0 0 0
4362867450 0 0 0
4362867463 0 0 0
4362867476 0 0 0
4362867489 0 0 0
4362867502 0 0 0
4362867515 0 0 0
4362867528 0 0 0
4362867541 0 0 0
4362867554 0 0 0
4362867567 0 0 0
4362867580 0 0 0
4362867593 0 0 0
4362867606 0 0 0
4362867619 0 0 0
4362867632 0 0 0
4362867645 0 0 0
4362867658 0 0 0
4362867671 0 0 0
4362867684 0 0 0
4362867697 0 0 0
4362867710 0 0 0
4362867723 0 0 0
4362867736 0 0 0
4362867749 0 0 0
4362867762 0 0 0
4362867775 0 0 0
4362867788 0 0 0
4362867801 0 0 0
4362867814 0 0 0
4362867827 0 0 0
4362867840 0 0 0
4362867853 0 0 0
4362867866 0 0 0
4362867879 0 0 0
4362867892 0 0 0
4362867905 0 0 0
4362867918 0 0 0
4362867931 0 0 0
4362867944 0 0 0
4362867957 0 0 0
4362867970 0 0 0
4362867983 0 0 0
4362867996 0 0 0
4362868009 0 0 0
4362868022 0 0 0
4362868035 0 0 0
4362868048 0 0 0
4362868061 0 0 0
4362868074 0 0 0
4362868087 0 0 0
4362868100 0 0 0
4362868113 0 0 0
4362868126 0 0 0
4362868139 0 0 0
4362868152 0 0 0
4362868165 0 0 0
4362868178 0 0 0
4362868191 0 0 0
4362868204 0 0 0
4362868217 0 0 0
4362868230 0 0 0
4362868243 0 0 0
4362868256 0 0 0
4362868269 0 0 0
4362868282 0 0 0
4362868295 0 0 0
4362868308 0 0 0
4362868321 0 0 0
4362868334 0 0 0
4362868347 0 0 0
4362868360 0 0 0
4362868373 0 0 0
4362868386 0 0 0
4362868399 0 0 0
4362868412 0 0 0
4362868425 0 0 0
4362868438 0 0 0
4362868451 0 0 0
4362868464 0 0 0
4362868477 0 0 0
4362868490 0 0 0
4362868503 0 0 0
4362868516 0 0 0
4362868529 0 0 0
4362868542 0 0 0
4362868555 0 0 0
4362868568 0 0 0
4362868581 0 0 0
4362868594 0 0 0
4362868607 0 0 0
4362868620 0 0 0
4362868633 0 0 0
4362868646 0 0 0
4362868659 0 0 0
4362868672 0 0 0
4362868685 0 0 0
4362868698 0 0 0
4362868711 0 0 0
4362868724 0 0 0
4362868737 0 0 0
4362868750 0 0 0
4362868763 0 0 0
4362868776 0 0 0
4362868789 0 0 0
4362868802 0 0 0
4362868815 0 0 0
4362868828 0 0 0
4362868841 0 0 0
4362868854 0 0 0
4362868867 0 0 0
4362868880 0 0 0
4362868893 0 0 0
4362868906 0 0 0
4362868919 0 0 0
4362868932 0 0 0
4362868945 0 0 0
4362868958 0 0 0
4362868971 0 0 0
4362868984 0 0 0
4362868997 0 0 0
4362869010 0 0 0
4362869023 0 0 0
4362869036 0 0 0
4362869049 0 0 0
4362869062 0 0 0
4362869075 0 0 0
4362869088 0 0 0
4362869101 0 0 0
4362869114 0 0 0
4362869127 0 0 0
4362869140 0 0 0
4362869153 0 0 0
4362869166 0 0 0
4362869179 0 0 0
4362869192 0 0 0
4362869205 0 0 0
4362869218 0 0 0
4362869231 0 0 0
4362869244 0 0 0
4362869257 0 0 0
4362869270 0 0 0
4362869283 0 0 0
4362869296 0 0 0
4362869309 0 0 0
4362869322 0 0 0
4362869335 0 0 0
4362869348 0 0 0
4362869361 0 0 0
4362869374 0 0 0
4362869387 0 0 0
4362869400 0 0 0
4362869413 0 0 0
4362869426 0 0 0
4362869439 0 0 0
4362869452 0 0 0
4362869465 0 0 0
4362869478 0 0 0
4362869491 0 0 0
4362869504 0 0 0
4362869517 0 0 0
4362869530 0 0 0
4362869543 0 0 0
4362869556 0 0 0
4362869569 0 0 0
4362869582 0 0 0
4362869595 0 0 0
4362869608 0 0 0
4362869621 0 0 0
4362869634 0 0 0
4362869647 0 0 0
4362869660 0 0 0
4362869673 0 0 0
4362869686 0 0 0
4362869699 0 0 0
4362869712 0 0 0
4362869725 0 0 0
4362869738 0 0 0
4362869751 0 0 0
4362869764 0 0 0
4362869777 0 0 0
4362869790 0 0 0
4362869803 0 0 0
4362869816 0 0 0
4362869829 0 0 0
4362869842 0 0 0
4362869855 0 0 0
4362869868 0 0 0
4362869881 0 0 0
4362869894 0 0 0
4362869907 0 0 0
4362869920 0 0 0
4362869933 0 0 0
4362869946 0 0 0
4362869959 0 0 0
4362869972 0 0 0
4362869985 0 0 0
4362869998 0 0 0
4362870011 0 0 0
4362870024 0 0 0
4362870037 0 0 0
4362870050 0 0 0
4362870063 0 0 0
4362870076 0 0 0
4362870089 0 0 0
4362870102 0 0 0
4362870115 0 0 0
4362870128 0 0 0
4362870141 0 0 0
4362870154 0 0 0
4362870167 0 0 0
4362870180 0 0 0
4362870193 0 0 0
4362870206 0 0 0
4362870219 0 0 0
4362870232 0 0 0
4362870245 0 0 0
4362870258 0 0 0
4362870271 0 0 0
4362870284 0 0 0
4362870297 0 0 0
4362870310 0 0 0
4362870323 0 0 0
4362870336 0 0 0
4362870349 0 0 0
4362870362 0 0 0
4362870375 0 0 0
4362870388 0 0 0
4362870401 0 0 0
4362870414 0 0 0
4362870427 0 0 0
4362870440 0 0 0
4362870453 0 0 0
4362870466 0 0 0
4362870479 0 0 0
4362870492 0 0 0
4362870505 0 0 0
4362870518 0 0 0
4362870531 0 0 0
4362870544 0 0 0
4362870557 0 0 0
4362870570 0 0 0
4362870583 0 0 0
4362870596 0 0 0
4362870609 0 0 0
4362870622 0 0 0
4362870635 0 0 0
4362870648 0 0 0
4362870661 0 0 0
4362870674 0 0 0
4362870687 0 0 0
4362870700 0 0 0
4362870713 0 0 0
4362870726 0 0 0
4362870739 0 0 0
4362870752 0 0 0
4362870765 0 0 0
4362870778 0 0 0
4362870791 0 0 0
4362870804 0 0 0
4362870817 0 0 0
4362870830 0 0 0
4362870843 0 0 0
4362870856 0 0 0
4362870869 0 0 0
4362870882 0 0 0
4362870895 0 0 0
4362870908 0 0 0
4362870921 0 0 0
4362870934 0 0 0
4362870947 0 0 0
4362870960 0 0 0
4362870973 0 0 0
4362870986 0 0 0
4362870999 0 0 0
4362871012 0 0 0
4362871025 0 0 0
4362871038 0 0 0
4362871051 0 0 0
4362871064 0 0 0
4362871077 0 0 0
4362871090 0 0 0
4362871103 0 0 0
4362871116 0 0 0
4362871129 0 0 0
4362871142 0 0 0
4362871155 0 0 0
4362871168 0 0 0
4362871181 0 0 0
4362871194 0 0 0
4362871207 0 0 0
4362871220 0 0 0
4362871233 0 0 0
4362871246 0 0 0
4362871259 0 0 0
4362871272 0 0 0
4362871285 0 0 0
4362871298 0 0 0
4362871311 0 0 0
4362871324 0 0 0
4362871337 0 0 0
4362871350 0 0 0
4362871363 0 0 0
4362871376 0 0 0
4362871389 0 0 0
4362871402 0 0 0
4362871415 0 0 0
4362871428 0 0 0
4362871441 0 0 0
4362871454 0 0 0
4362871467 0 0 0
4362871480 0 0 0
4362871493 0 0 0
4362871506 0 0 0
4362871519 0 0 0
4362871532 0 0 0
4362871545 0 0 0
4362871558 0 0 0
4362871571 0 0 0
4362871584 0 0 0
4362871597 0 0 0
4362871610 0 0 0
4362871623 0 0 0
4362871636 0 0 0
4362871649 0 0 0
4362871662 0 0 0
4362871675 0 0 0
4362871688 0 0 0
read 1342 profiled data
