4309426895 0 0 0
4309426908 0 0 0
4309426921 0 0 0
4309426934 0 0 0
4309426947 0 0 0
4309426960 0 0 0
4309426973 0 0 0
4309426986 0 0 0
4309426999 0 0 0
4309427012 0 0 0
4309427025 0 0 0
4309427038 0 0 0
4309427051 0 0 0
4309427064 0 0 0
4309427077 0 0 0
4309427090 0 0 0
4309427103 0 0 0
4309427116 0 0 0
4309427129 0 0 0
4309427142 0 0 0
4309427155 0 0 0
4309427168 0 0 0
4309427181 0 0 0
4309427194 0 0 0
4309427207 0 0 0
4309427220 0 0 0
4309427233 0 0 0
4309427246 0 0 0
4309427259 0 0 0
4309427272 0 0 0
4309427285 0 0 0
4309427298 0 0 0
4309427311 0 0 0
4309427324 0 0 0
4309427337 0 0 0
4309427350 0 0 0
4309427363 0 0 0
4309427376 0 0 0
4309427389 0 0 0
4309427402 0 0 0
4309427415 0 0 0
4309427428 0 0 0
4309427441 0 0 0
4309427454 0 0 0
4309427467 0 0 0
4309427480 0 0 0
4309427493 0 0 0
4309427506 0 0 0
4309427519 0 0 0
4309427532 0 0 0
4309427545 0 0 0
4309427558 0 0 0
4309427571 0 0 0
4309427584 0 0 0
4309427597 0 0 0
4309427610 0 0 0
4309427623 0 0 0
4309427636 0 0 0
4309427649 0 0 0
4309427662 0 0 0
4309427675 0 0 0
4309427688 0 0 0
4309427701 0 0 0
4309427714 0 0 0
4309427727 0 0 0
4309427740 0 0 0
4309427753 0 0 0
4309427766 0 0 0
4309427779 0 0 0
4309427792 0 0 0
4309427805 0 0 0
4309427818 0 0 0
4309427831 0 0 0
4309427844 0 0 0
4309427857 0 0 0
4309427870 0 0 0
4309427883 0 0 0
4309427896 0 0 0
4309427909 0 0 0
4309427922 0 0 0
4309427935 0 0 0
4309427948 0 0 0
4309427961 0 0 0
4309427974 0 0 0
4309427987 0 0 0
4309428000 0 0 0
4309428013 0 0 0
4309428026 0 0 0
4309428039 0 0 0
4309428052 0 0 0
4309428065 0 0 0
4309428078 0 0 0
4309428091 0 0 0
4309428104 0 0 0
4309428117 0 0 0
4309428130 0 0 0
4309428143 0 0 0
4309428156 0 0 0
4309428169 0 0 0
4309428182 0 0 0
4309428195 0 0 0
4309428208 0 0 0
4309428221 0 0 0
4309428234 0 0 0
4309428247 0 0 0
4309428260 0 0 0
4309428273 0 0 0
4309428286 0 0 0
4309428299 0 0 0
4309428312 0 0 0
4309428325 0 0 0
4309428338 0 0 0
4309428351 0 0 0
4309428364 0 0 0
4309428377 0 0 0
4309428390 0 0 0
4309428403 0 0 0
4309428416 0 0 0
4309428429 0 0 0
4309428442 0 0 0
4309428455 0 0 0
4309428468 0 0 0
4309428481 0 0 0
4309428494 0 0 0
4309428507 0 0 0
4309428520 0 0 0
4309428533 0 0 0
4309428546 0 0 0
4309428559 0 0 0
4309428572 0 0 0
4309428585 0 0 0
4309428598 0 0 0
4309428611 0 0 0
4309428624 0 0 0
4309428637 0 0 0
4309428650 0 0 0
4309428663 0 0 0
4309428676 0 0 0
4309428689 0 0 0
4309428702 0 0 0
4309428715 0 0 0
4309428728 0 0 0
4309428741 0 0 0
4309428754 0 0 0
4309428767 0 0 0
4309428780 0 0 0
4309428793 0 0 0
4309428806 0 0 0
4309428819 0 0 0
4309428832 0 0 0
4309428845 0 0 0
4309428858 0 0 0
4309428871 0 0 0
4309428884 0 0 0
4309428897 0 0 0
4309428910 0 0 0
4309428923 0 0 0
4309428936 0 0 0
4309428949 0 0 0
4309428962 0 0 0
4309428975 0 0 0
4309428988 0 0 0
4309429001 0 0 0
4309429014 0 0 0
4309429027 0 0 0
4309429040 0 0 0
4309429053 0 0 0
4309429066 0 0 0
4309429079 0 0 0
4309429092 0 0 0
4309429105 0 0 0
4309429118 0 0 0
4309429131 0 0 0
4309429144 0 0 0
4309429157 0 0 0
4309429170 0 0 0
4309429183 0 0 0
4309429196 0 0 0
4309429209 0 0 0
4309429222 0 0 0
4309429235 0 0 0
4309429248 0 0 0
4309429261 0 0 0
4309429274 0 0 0
4309429287 0 0 0
4309429300 0 0 0
4309429313 0 0 0
4309429326 0 0 0
4309429339 0 0 0
4309429352 0 0 0
4309429365 0 0 0
4309429378 0 0 0
4309429391 0 0 0
4309429404 0 0 0
4309429417 0 0 0
4309429430 0 0 0
4309429443 0 0 0
4309429456 0 0 0
4309429469 0 0 0
4309429482 0 0 0
4309429495 94513 1 46
4309429508 132218 1 53
4309429521 133599 0 54
4309429534 116174 0 44
4309429547 0 0 0
4309429560 0 0 0
4309429573 0 0 0
4309429586 0 0 0
4309429599 0 0 0
4309429612 0 0 0
4309429625 0 0 0
4309429638 0 0 0
4309429651 0 0 0
4309429664 0 0 0
4309429677 0 0 0
4309429690 0 0 0
4309429703 0 0 0
4309429716 0 0 0
4309429729 0 0 0
4309429742 0 0 0
4309429755 35926 0 14
4309429768 35760 0 14
4309429781 76144 0 30
4309429794 136058 0 52
4309429807 87362 0 32
4309429820 0 0 0
4309429833 0 0 0
4309429846 0 0 0
4309429859 0 0 0
4309429872 0 0 0
4309429885 0 0 0
4309429898 0 0 0
4309429911 0 0 0
4309429924 0 0 0
4309429937 0 0 0
4309429950 0 0 0
4309429963 0 0 0
4309429976 0 0 0
4309429989 0 0 0
4309430002 1901 0 1
4309430015 42868 0 15
4309430028 22068 0 10
4309430041 32256 0 14
4309430054 8372 0 7
4309430067 1864 0 4
4309430080 1534 5 2
4309430093 1016 0 0
4309430106 954 0 3
4309430119 1787 0 4
4309430132 1617 0 5
4309430145 1607 5 4
4309430158 609 0 1
4309430171 135 0 4
4309430184 858 0 2
4309430197 360 0 2
4309430210 1856 0 4
4309430223 1044 0 4
4309430236 859 0 0
4309430249 612 0 2
4309430262 1484 25 4
4309430275 890 38 2
4309430288 806 9 3
4309430301 1429 12 0
4309430314 553 0 1
4309430327 230 0 2
4309430340 594 0 2
4309430353 37 0 0
4309430366 683 64 1
4309430379 578 22 1
4309430392 745 10 2
4309430405 341 46 0
4309430418 750 2 1
4309430431 686 2 0
4309430444 0 1 0
4309430457 820 7 1
4309430470 619 1 0
4309430483 1 2 0
4309430496 311 0 0
4309430509 590 1 0
4309430522 728 0 0
4309430535 250 0 1
4309430548 385 1 2
4309430561 660 0 0
4309430574 1665 0 0
4309430587 357 1 1
4309430600 228 26 0
4309430613 705 2 2
4309430626 662 18 1
4309430639 527 24 0
4309430652 425 6 2
4309430665 524 3 2
4309430678 197 6 1
4309430691 0 0 0
4309430704 558 1 1
4309430717 1411 0 3
4309430730 1333 1 4
4309430743 614 0 1
4309430756 626 37 0
4309430769 565 8 1
4309430782 658 10 3
4309430795 630 0 2
4309430808 880 13 0
4309430821 665 38 3
4309430834 623 0 1
4309430847 473 21 0
4309430860 652 16 0
4309430873 431 2 1
4309430886 550 9 0
4309430899 371 6 0
4309430912 1998 17 1
4309430925 878 4 2
4309430938 1249 102 1
4309430951 698 56 1
4309430964 1533 135 0
4309430977 822 52 0
4309430990 900 55 0
4309431003 1141 47 1
4309431016 446 8 0
4309431029 540 27 0
4309431042 274 6 0
4309431055 760 10 0
4309431068 548 17 0
4309431081 1713 51 2
4309431094 1182 31 2
4309431107 842 5 0
4309431120 516 7 1
4309431133 738 14 1
4309431146 372 6 0
4309431159 565 16 1
4309431172 619 4 1
4309431185 480 35 0
4309431198 587 54 0
4309431211 31 1 0
4309431224 485 16 0
4309431237 0 0 0
4309431250 513 33 0
4309431263 345 20 0
4309431276 89 7 0
4309431289 607 17 0
4309431302 599 38 2
4309431315 458 34 2
4309431328 1574 68 0
4309431341 1185 35 1
4309431354 2549 79 2
4309431367 1297 39 12
4309431380 161 4 5
4309431393 75 7 8
4309431406 2 1 2
4309431419 8 0 0
4309431432 431 9 0
4309431445 104 4 0
4309431458 130 4 0
4309431471 137 6 0
4309431484 3692 78 2
4309431497 440 20 0
4309431510 957 35 0
4309431524 14777 548 10
4309431537 454 19 1
4309431550 0 0 0
4309431563 1295 52 0
4309431576 736 30 0
4309431589 186 6 1
4309431602 164 10 1
4309431615 27 1 0
4309431628 275 22 0
4309431641 401 23 0
4309431654 0 0 1
4309431667 1145 34 1
4309431680 879 25 2
4309431693 52 10 4
4309431706 13 5 4
4309431719 22290 1009 18
4309431732 322 8 1
4309431745 97 5 0
4309431758 5 0 1
4309431771 143 2 0
4309431784 1169 52 0
4309431797 0 0 0
4309431810 234 9 2
4309431823 263 6 0
4309431836 212 6 0
4309431849 71 6 1
4309431862 24 10 12
4309431875 175 2 4
4309431888 177 6 0
4309431901 96 9 0
4309431914 206 12 0
4309431927 95 9 0
4309431940 604 23 0
4309431953 1 0 2
4309431966 0 0 0
4309431979 2640 116 1
4309431992 0 0 0
4309432005 1652 53 2
4309432018 82 2 0
4309432031 111 7 0
4309432044 56 2 0
4309432057 292 21 0
4309432070 325 23 0
4309432083 264 17 0
4309432096 276 13 0
4309432109 250 25 0
4309432122 2798 322 3
4309432135 7565 203 3
4309432148 5245 154 4
4309432161 2826 56 1
4309432174 1374 68 2
4309432187 153 14 0
4309432200 245 10 0
4309432213 562 7 0
4309432226 618 24 2
4309432239 899 18 0
4309432252 917 20 1
4309432265 500 18 0
4309432278 11496 489 9
4309432291 4765 160 3
4309432304 5244 214 2
4309432317 0 0 0
4309432330 27 0 0
4309432343 18 1 0
4309432356 0 0 0
4309432369 0 0 1
4309432382 92 2 1
4309432395 295 9 0
4309432408 157 8 1
4309432421 336 9 0
4309432434 359 10 0
4309432447 17 4 0
4309432460 0 1 0
4309432473 0 0 0
4309432486 0 0 0
4309432499 0 0 0
4309432512 461 17 0
4309432525 92 2 0
4309432538 0 1 0
4309432551 159 6 0
4309432564 556 48 0
4309432577 0 0 0
4309432590 1077 40 1
4309432603 109 7 0
4309432616 237 16 0
4309432629 411 21 13
4309432642 330 23 10
4309432655 36 0 0
4309432668 29 0 1
4309432681 1168 36 1
4309432694 23530 1122 23
4309432707 744 42 1
4309432720 893 39 1
4309432733 446 19 4
4309432746 244 7 1
4309432759 294 23 0
4309432772 1020 30 1
4309432785 518 28 20
4309432798 4 0 16
4309432811 47 1 19
4309432824 288 17 24
4309432837 125 10 42
4309432850 0 0 36
4309432863 0 0 38
4309432876 0 0 36
4309432889 0 0 36
4309432902 0 0 30
4309432915 0 0 27
4309432928 0 0 28
4309432941 0 0 21
4309432954 0 0 21
4309432967 0 0 22
4309432980 0 0 21
4309432993 0 0 17
4309433006 71 5 25
4309433019 0 0 26
4309433032 0 0 19
4309433045 0 0 17
4309433058 1226 4 6
4309433071 199 12 0
4309433084 223 10 0
4309433097 359 17 0
4309433110 108 8 0
4309433123 158 19 0
4309433136 573 24 0
4309433149 740 30 0
4309433162 14538 725 16
4309433175 5290 265 3
4309433188 0 0 0
4309433201 166 5 0
4309433214 71 2 0
4309433227 308 23 0
4309433240 523 31 0
4309433253 455 35 1
4309433266 337 18 0
4309433280 0 0 0
4309433293 291 20 2
4309433306 892 21 2
4309433320 1640 78 1
4309433333 475 21 28
4309433346 0 0 19
4309433359 0 0 26
4309433372 0 0 26
4309433385 0 0 26
4309433398 0 0 26
4309433411 0 0 26
4309433424 0 0 23
4309433437 0 0 16
4309433450 0 0 19
4309433463 0 0 15
4309433476 0 0 13
4309433489 0 0 16
4309433502 2 0 6
4309433516 262 4 13
4309433529 88 4 0
4309433542 17511 1000 12
4309433555 5745 621 5
4309433568 0 0 0
4309433581 0 0 0
4309433594 899 38 0
4309433607 0 0 0
4309433620 0 0 0
4309433633 558 26 0
4309433646 64 6 1
4309433659 107 4 0
4309433672 619 33 4
4309433686 334 10 0
4309433699 917 55 0
4309433712 1934 119 0
4309433726 18948 901 16
4309433739 1268 79 1
4309433752 617 36 0
4309433765 62 5 1
4309433778 383 14 1
4309433791 480 17 1
4309433804 461 41 1
4309433817 0 0 0
4309433830 81 1 0
4309433844 603 30 0
4309433857 373 26 1
4309433870 1021 81 2
4309433883 792 65 0
4309433896 274 0 0
4309433910 215 10 2
4309433923 22669 1045 17
4309433936 265 21 0
4309433949 62 10 0
4309433962 258 12 1
4309433976 230 11 2
4309433989 405 17 2
4309434002 929 32 1
4309434015 26 3 0
4309434028 143 11 0
4309434041 221 19 0
4309434054 172 11 0
4309434067 269 28 0
4309434080 337 29 0
4309434093 226 27 2
4309434106 130 3 0
4309434119 142 18 0
4309434132 378 65 1
4309434145 107 1 1
4309434158 607 45 6
4309434171 278 6 7
4309434184 18 13 1
4309434197 124 14 8
4309434210 297 8 9
4309434223 274 9 0
4309434236 292 11 0
4309434249 504 21 0
4309434262 291 18 0
4309434275 600 28 0
4309434288 268 21 1
4309434301 578 21 0
4309434314 22205 1089 20
4309434327 1015 45 0
4309434340 0 4 0
4309434353 0 0 0
4309434366 0 0 0
4309434379 68 4 0
4309434392 82 11 0
4309434405 143 11 0
4309434419 277 7 1
4309434432 32 10 0
4309434445 290 11 2
4309434458 342 6 0
4309434471 16 4 0
4309434484 0 0 0
4309434497 0 0 0
4309434510 23 1 0
4309434523 533 26 0
4309434536 0 0 0
4309434549 294 21 1
4309434562 524 32 0
4309434575 323 25 5
4309434588 629 44 7
4309434601 10252 422 9
4309434614 9521 373 6
4309434627 3740 262 2
4309434640 4807 420 9
4309434653 99 6 0
4309434666 422 41 0
4309434679 160 19 0
4309434692 197 6 0
4309434705 0 0 0
4309434718 1144 66 1
4309434732 1876 70 4
4309434745 2799 225 2
4309434758 3080 692 7
4309434771 480 88 0
4309434784 101 10 0
4309434797 309 20 0
4309434810 4052 301 2
4309434823 0 0 0
4309434836 1750 134 2
4309434849 0 0 0
4309434862 13157 717 12
4309434875 59 2 0
4309434888 265 23 0
4309434901 709 39 2
4309434914 111 8 0
4309434927 206 17 0
4309434940 59 5 0
4309434953 156 11 1
4309434966 142 6 0
4309434979 0 0 0
4309434992 144 5 0
4309435005 0 0 0
4309435018 193 15 0
4309435031 61 3 1
4309435044 130 5 0
4309435057 53 5 0
4309435070 353 18 1
4309435083 45 0 0
4309435096 233 14 0
4309435109 1339 81 3
4309435122 1185 78 17
4309435135 555 19 2
4309435148 13728 929 13
4309435161 15293 982 15
4309435174 62 5 1
4309435187 243 49 0
4309435200 243 7 1
4309435213 0 0 0
4309435226 0 0 0
4309435239 58 5 1
4309435252 0 0 0
4309435265 0 0 0
4309435278 0 0 0
4309435291 0 0 0
4309435305 116 10 0
4309435318 898 36 0
4309435331 802 54 0
4309435344 217 20 0
4309435357 618 42 10
4309435370 122 10 0
4309435383 6130 626 9
4309435397 18285 1880 19
4309435410 3756 334 3
4309435423 281 20 1
4309435436 0 0 0
4309435449 0 0 0
4309435462 0 0 1
4309435476 291 11 0
4309435489 7 0 0
4309435502 91 12 0
4309435515 479 27 0
4309435528 220 9 0
4309435541 0 0 0
4309435554 479 43 0
4309435567 387 19 0
4309435580 323 21 0
4309435593 0 0 0
4309435606 85 6 0
4309435619 168 5 0
4309435632 0 0 0
4309435645 250 13 0
4309435658 107 8 0
4309435671 120 20 0
4309435684 467 39 0
4309435698 177 20 4
4309435711 21 5 9
4309435724 95 7 3
4309435737 198 10 13
4309435750 59 6 9
4309435763 184 5 0
4309435776 597 36 0
4309435790 28022 1944 27
4309435803 143 26 2
4309435816 1 0 0
4309435829 0 0 0
4309435842 168 37 0
4309435855 0 0 0
4309435868 0 0 0
4309435882 0 0 0
4309435895 31 5 1
4309435908 33 1 0
4309435921 316 31 1
4309435934 59 6 0
4309435947 90 9 0
4309435960 194 14 0
4309435973 443 74 1
4309435986 486 27 0
4309435999 358 43 0
4309436012 0 0 0
4309436025 0 0 0
4309436039 845 101 1
4309436053 585 44 2
4309436066 71 5 0
4309436079 46 6 0
4309436093 0 0 0
4309436106 260 22 1
4309436119 60 3 0
4309436132 162 10 0
4309436145 98 9 0
4309436158 95 10 0
4309436171 453 33 0
4309436184 217 9 0
4309436197 82 13 0
4309436210 94 10 0
4309436223 120 14 0
4309436236 51 8 0
4309436249 117 4 0
4309436262 77 8 0
4309436275 10 2 0
4309436288 166 8 0
4309436301 73 4 0
4309436314 125 6 0
4309436327 51 4 0
4309436340 44 2 0
4309436353 103 4 0
4309436366 137 8 0
4309436379 9 2 0
4309436392 99 7 0
4309436405 28 6 0
4309436418 68 3 2
4309436431 58 4 0
4309436444 47 4 0
4309436457 57 6 0
4309436470 64 4 0
4309436483 20 2 0
4309436496 132 9 0
4309436509 114 16 0
4309436522 440 32 2
4309436535 422 32 0
4309436548 444 32 0
4309436561 483 32 1
4309436574 1966 147 3
4309436588 26028 2003 22
4309436601 0 0 0
4309436614 1061 191 2
4309436627 161 6 0
4309436640 168 12 1
4309436653 143 9 0
4309436666 107 13 1
4309436679 6 0 1
4309436692 174 17 0
4309436705 310 27 0
4309436718 108 14 0
4309436731 284 26 0
4309436744 497 47 0
4309436757 1007 92 1
4309436770 180 14 0
4309436783 501 40 3
4309436796 64 5 0
4309436809 258 25 0
4309436823 10497 861 9
4309436836 9954 1160 11
4309436849 10350 869 10
4309436862 96 2 0
4309436875 31 3 0
4309436888 38 4 0
4309436901 96 4 0
4309436914 16 0 1
4309436927 74 11 0
4309436940 37 5 0
4309436953 0 0 0
4309436966 139 17 0
4309436979 8 0 0
4309436992 63 2 0
4309437005 1 2 0
4309437018 0 0 0
4309437031 358 31 0
4309437044 98 6 0
4309437057 0 2 0
4309437070 261 40 1
4309437083 160 10 0
4309437096 170 10 0
4309437109 135 10 0
4309437122 134 12 0
4309437135 297 15 0
4309437148 42 4 0
4309437161 27 4 0
4309437174 25 3 0
4309437187 175 10 0
4309437200 34 3 0
4309437213 216 19 0
4309437226 19 3 0
4309437239 124 15 0
4309437252 109 11 0
4309437265 211 15 0
4309437278 188 11 0
4309437291 170 14 0
4309437305 92 15 4
4309437318 29 7 10
4309437331 0 0 0
4309437344 136 10 0
4309437357 152 21 7
4309437370 54 9 18
4309437383 99 10 4
4309437396 109 17 5
4309437409 78 8 10
4309437422 4 8 10
4309437435 157 11 4
4309437448 237 26 0
4309437461 5399 449 6
4309437474 21700 1981 21
4309437487 2212 252 3
4309437500 1063 106 0
4309437513 2718 262 3
4309437526 386 23 0
4309437539 150 17 1
4309437552 275 16 0
4309437565 880 112 4
4309437578 467 74 1
4309437591 109 18 0
4309437604 659 73 1
4309437617 60 11 0
4309437630 110 9 0
4309437643 201 18 0
4309437656 191 21 0
4309437669 29 3 0
4309437682 38 5 1
4309437695 38 0 0
4309437708 69 6 2
4309437721 243 16 0
4309437734 397 27 0
4309437747 186 19 0
4309437760 86 7 0
4309437773 141 18 0
4309437786 220 19 0
4309437799 3 15 7
4309437812 0 3 10
4309437825 88 14 4
4309437838 68 6 0
4309437851 4 5 3
4309437864 173 22 5
4309437877 307 19 7
4309437890 63 3 0
4309437903 232 17 0
4309437916 117 9 0
4309437929 8258 677 8
4309437942 9698 935 9
4309437955 5364 606 6
4309437968 564 40 1
4309437981 5134 380 3
4309437994 393 36 1
4309438007 310 36 0
4309438020 243 28 2
4309438033 732 78 1
4309438046 161 22 1
4309438059 0 0 0
4309438072 803 80 0
4309438085 307 26 1
4309438098 320 50 1
4309438111 85 8 1
4309438124 344 39 0
4309438137 98 15 0
4309438150 567 53 1
4309438163 111 8 0
4309438176 17 2 1
4309438189 0 0 0
4309438202 448 80 2
4309438215 338 57 0
4309438228 48 10 1
4309438241 565 75 0
4309438255 1162 138 1
4309438268 680 58 4
4309438281 437 16 22
4309438294 246 26 0
4309438307 21824 2442 36
4309438320 10858 1206 16
4309438333 60 19 2
4309438346 0 0 0
4309438359 576 99 2
4309438372 0 0 0
4309438385 0 0 0
4309438398 0 0 0
4309438411 0 0 0
4309438424 0 0 0
4309438437 0 0 0
4309438450 0 0 1
4309438463 0 0 0
4309438476 0 0 0
4309438489 0 0 0
4309438502 370 42 0
4309438515 107 19 0
4309438528 0 0 0
4309438541 0 0 0
4309438554 102 11 0
4309438567 0 0 0
4309438580 0 0 0
4309438593 9 0 2
4309438606 137 10 2
4309438619 0 0 0
4309438632 107 8 1
4309438645 28 4 0
4309438658 146 8 0
4309438671 81 9 0
4309438684 48 7 0
4309438697 228 27 0
4309438710 275 34 0
4309438723 2029 300 2
4309438736 64 6 2
4309438749 72 9 0
4309438762 135 21 0
4309438775 243 38 0
4309438788 5093 774 7
4309438801 12662 1682 18
4309438814 7860 998 9
4309438827 5668 772 6
4309438840 2324 355 4
4309438853 0 0 0
4309438866 101 13 0
4309438879 112 15 0
4309438892 196 37 0
4309438905 17 3 0
4309438918 50 7 0
4309438931 0 0 0
4309438944 279 33 1
4309438957 0 0 0
4309438970 15 1 0
4309438983 114 11 0
4309438996 239 29 2
4309439009 59 4 1
4309439022 5 0 0
4309439035 69 12 0
4309439048 69 8 0
4309439061 91 10 1
4309439074 112 12 0
4309439087 383 46 0
4309439100 615 101 0
4309439113 83 11 1
4309439126 0 0 0
4309439139 0 0 0
4309439152 0 0 0
4309439165 0 0 0
4309439178 215 32 0
4309439191 98 16 0
4309439204 147 14 0
4309439217 197 19 0
4309439230 53 2 0
4309439243 36 10 0
4309439256 530 57 1
4309439269 317 26 1
4309439282 62 4 3
4309439295 852 128 0
4309439308 327 58 0
4309439321 446 70 2
4309439334 99 11 9
4309439347 328 31 0
4309439360 331 34 7
4309439373 0 0 0
4309439386 156 14 2
4309439399 5044 721 11
4309439412 19690 2599 34
4309439425 3706 595 4
4309439438 0 0 0
4309439451 2139 224 3
4309439464 2131 281 3
4309439477 0 0 0
4309439490 0 0 0
4309439503 24 0 0
4309439516 0 1 0
4309439529 54 6 0
4309439542 0 0 0
4309439555 2 0 0
4309439568 377 56 1
4309439581 0 0 0
4309439594 8 0 0
4309439607 205 30 0
4309439620 40 10 1
4309439633 0 0 0
4309439646 0 0 0
4309439659 97 10 0
4309439672 515 50 0
4309439685 101 22 3
4309439698 354 46 1
4309439711 55 8 0
4309439724 0 0 0
4309439737 112 18 0
4309439750 0 0 0
4309439763 263 22 0
4309439776 208 27 1
4309439789 158 9 1
4309439802 239 28 0
4309439815 72 21 0
4309439828 33 10 0
4309439841 586 104 1
4309439854 30 0 0
4309439867 147 20 1
4309439880 214 31 1
4309439893 0 0 0
4309439906 0 0 1
4309439919 136 22 0
4309439932 265 43 1
4309439945 175 27 0
4309439958 160 26 0
4309439971 126 30 0
4309439984 159 25 1
4309439997 0 0 0
4309440010 115 5 0
4309440023 38 9 0
4309440036 1314 206 3
4309440050 482 78 3
4309440063 728 143 4
4309440076 68 19 4
4309440089 103 22 14
4309440102 84 11 11
4309440115 90 13 0
4309440128 8364 1305 13
4309440141 3267 533 5
4309440154 3918 616 5
4309440167 6667 1024 8
4309440180 3817 542 5
4309440193 3552 591 6
4309440206 2833 321 3
4309440219 232 24 0
4309440232 265 23 0
4309440245 191 35 1
4309440258 168 43 1
4309440271 150 11 0
4309440284 83 8 1
4309440297 33 9 1
4309440310 0 0 2
4309440323 0 0 0
4309440336 311 69 0
4309440349 57 7 0
4309440362 0 0 0
4309440375 96 30 0
4309440388 0 0 0
4309440401 194 31 0
4309440414 76 18 1
4309440427 0 0 0
4309440440 392 73 0
4309440453 0 0 0
4309440466 204 28 0
4309440479 186 22 0
4309440492 414 107 1
4309440505 355 50 1
4309440518 0 0 0
4309440531 223 29 1
4309440544 221 29 0
4309440557 233 50 2
4309440570 160 23 0
4309440583 53 6 0
4309440596 133 22 1
4309440609 257 48 0
4309440622 106 21 0
4309440635 117 18 0
4309440648 281 42 0
4309440661 213 39 0
4309440674 189 29 0
4309440687 179 30 0
4309440700 87 18 0
4309440713 188 33 1
4309440726 172 36 1
4309440739 198 36 0
4309440752 408 93 0
4309440765 649 128 2
4309440778 676 127 2
4309440791 360 74 1
4309440804 426 70 7
4309440817 0 0 0
4309440830 48 9 4
4309440843 1 0 4
4309440856 78 20 0
4309440869 0 0 0
4309440882 0 0 0
4309440895 59 10 0
4309440909 143 29 4
4309440922 64 21 7
4309440935 0 0 0
4309440948 19 7 0
4309440961 139 24 0
4309440974 291 49 1
4309440987 289 57 0
4309441000 2871 532 5
4309441013 3105 563 5
4309441026 734 134 3
4309441039 1878 296 3
4309441052 552 57 0
4309441065 4264 652 5
4309441078 2368 561 5
4309441091 1319 212 1
4309441104 2990 493 3
4309441117 1491 286 6
4309441130 4750 1060 14
4309441143 2642 535 3
4309441156 1419 343 3
4309441169 492 87 2
4309441183 53 7 0
4309441196 128 23 0
4309441209 4 0 0
4309441222 366 77 0
4309441235 115 18 0
4309441248 306 52 1
4309441261 248 38 0
4309441274 134 21 1
4309441287 0 0 0
4309441300 242 37 1
4309441313 234 41 0
4309441326 212 37 1
4309441339 320 47 0
4309441352 171 33 0
4309441365 131 23 0
4309441378 195 33 0
4309441391 186 41 0
4309441404 224 33 0
4309441417 160 32 0
4309441430 188 36 0
4309441443 102 11 0
4309441456 45 9 0
4309441469 64 12 0
4309441482 36 9 0
4309441495 32 9 0
4309441508 20 8 0
4309441521 37 9 0
4309441534 30 9 0
4309441547 99 9 0
4309441560 30 9 0
4309441573 39 9 0
4309441586 33 9 0
4309441599 46 15 0
4309441612 77 18 0
4309441625 72 17 0
4309441638 41 9 0
4309441651 36 8 0
4309441664 34 9 0
4309441677 85 15 0
4309441690 43 8 0
4309441703 48 9 1
4309441716 37 9 0
4309441729 38 9 0
4309441742 102 15 0
4309441755 34 9 0
4309441768 79 21 0
4309441781 161 32 0
4309441794 178 27 1
4309441807 226 51 0
4309441820 124 27 0
4309441833 5 3 0
4309441846 343 59 1
4309441859 0 0 1
4309441872 128 22 1
4309441885 216 42 2
4309441898 236 49 0
4309441911 219 42 2
4309441924 109 14 0
4309441937 425 84 1
4309441950 973 237 0
4309441963 902 249 3
4309441976 499 97 4
4309441989 88 13 0
4309442002 1529 340 6
4309442015 5407 1373 10
4309442028 5588 1239 13
4309442041 6804 1743 17
4309442054 4211 984 9
4309442067 5378 1264 12
4309442080 3755 698 5
4309442093 267 43 0
4309442106 223 30 1
4309442119 257 46 1
4309442132 151 18 1
4309442145 0 0 0
4309442158 46 5 0
4309442171 62 10 0
4309442184 29 8 1
4309442197 38 7 0
4309442210 0 2 0
4309442223 0 0 0
4309442236 0 0 0
4309442249 0 0 0
4309442262 69 6 0
4309442275 13 5 0
4309442288 1 3 0
4309442301 0 3 0
4309442314 27 1 0
4309442327 25 5 0
4309442340 0 3 0
4309442353 0 0 0
4309442366 0 0 0
4309442379 6 0 0
4309442392 329 86 1
4309442405 0 0 0
4309442419 23 6 2
4309442432 1 0 0
4309442445 339 101 1
4309442458 56 7 1
4309442471 3 1 0
4309442484 24 2 0
4309442497 0 0 0
4309442510 79 13 0
4309442523 40 12 0
4309442536 11 6 0
4309442549 311 73 0
4309442562 4 0 0
4309442575 0 1 0
4309442588 11 1 0
4309442601 34 9 0
4309442614 17 10 0
4309442627 40 16 0
4309442640 774 297 2
4309442653 24 9 0
4309442666 305 47 0
4309442679 0 0 0
4309442692 514 92 0
4309442705 21 4 0
4309442718 126 21 1
4309442731 146 35 1
4309442744 524 81 0
4309442757 0 0 0
4309442770 311 76 0
4309442783 112 23 0
4309442796 139 31 0
4309442810 522 168 1
4309442823 185 48 0
4309442836 2 2 0
4309442849 104 16 0
4309442862 233 36 0
4309442875 43 13 0
4309442888 230 72 2
4309442901 101 31 0
4309442914 112 30 1
4309442927 510 157 1
4309442940 7 9 0
4309442953 256 45 0
4309442966 54 10 1
4309442979 126 23 0
4309442992 341 62 4
4309443005 184 29 2
4309443018 151 33 1
4309443031 152 34 0
4309443044 81 12 0
4309443057 34 8 0
4309443070 37 9 0
4309443084 49 12 0
4309443097 20 6 0
4309443110 39 8 0
4309443123 20 5 0
4309443136 47 9 0
4309443149 31 11 0
4309443162 94 11 0
4309443175 652 126 4
4309443188 2 2 0
4309443201 41 13 0
4309443214 46 14 0
4309443228 249 81 2
4309443241 18 7 0
4309443254 70 11 0
4309443267 2438 477 5
4309443280 5789 1367 14
4309443294 9910 2517 26
4309443307 6951 1641 16
4309443320 0 0 0
4309443333 2572 738 5
4309443346 3541 970 7
4309443359 651 165 2
4309443372 106 29 0
4309443386 515 139 1
4309443399 7 0 0
4309443412 271 64 2
4309443425 7 0 0
4309443438 60 10 0
4309443451 77 25 0
4309443464 374 83 1
4309443477 431 140 1
4309443490 111 44 0
4309443503 79 16 0
4309443516 300 62 0
4309443529 88 15 0
4309443542 78 17 0
4309443555 209 41 1
4309443568 204 42 0
4309443581 146 42 0
4309443594 148 42 0
4309443607 124 39 0
4309443620 121 35 0
4309443633 102 30 0
4309443646 77 21 0
4309443659 21 9 0
4309443672 43 9 2
4309443685 44 8 0
4309443698 16 9 0
4309443711 20 9 0
4309443724 0 4 0
4309443737 0 5 0
4309443750 3 5 0
4309443763 30 4 0
4309443776 15 5 0
4309443789 13 5 0
4309443802 24 5 0
4309443815 1 5 0
4309443828 0 5 0
4309443841 0 3 0
4309443854 0 0 0
4309443867 1 0 0
4309443880 0 1 0
4309443893 0 0 0
4309443906 0 0 0
4309443919 203 31 1
4309443932 4 0 1
4309443945 307 97 1
4309443958 218 63 0
4309443971 194 50 2
4309443984 204 74 4
4309443997 449 129 2
4309444010 189 59 2
4309444023 123 36 0
4309444037 277 82 1
4309444050 91 31 0
4309444063 94 32 0
4309444076 208 58 0
4309444090 190 64 1
4309444103 119 48 0
4309444116 154 36 0
4309444129 133 33 0
4309444142 138 33 0
4309444155 189 55 0
4309444168 317 83 2
4309444181 66 15 0
4309444194 0 0 0
4309444207 23 2 0
4309444220 603 178 2
4309444233 0 0 0
4309444246 0 0 0
4309444259 242 101 0
4309444272 119 30 0
4309444285 118 36 0
4309444298 149 33 0
4309444311 174 53 0
4309444324 144 36 1
4309444337 151 61 0
4309444350 242 73 2
4309444363 885 275 2
4309444376 50 22 0
4309444389 476 151 1
4309444402 144 43 2
4309444415 337 107 0
4309444428 357 131 3
4309444441 30 10 0
4309444454 200 90 0
4309444467 187 65 0
4309444480 5 1 5
4309444494 45 8 0
4309444507 165 44 0
4309444520 7912 2465 26
4309444533 6064 2011 17
4309444546 2809 667 6
4309444559 1006 380 3
4309444572 1898 724 5
4309444586 2443 857 8
4309444599 2016 400 2
4309444612 2308 904 7
4309444625 1517 531 5
4309444638 726 179 0
4309444651 0 0 0
4309444664 0 0 0
4309444677 0 0 0
4309444690 0 0 0
4309444703 0 0 0
4309444716 0 0 0
4309444729 0 0 0
4309444742 0 0 0
4309444755 0 0 0
4309444768 0 0 0
4309444781 1682 432 4
4309444794 543 144 2
4309444807 238 47 1
4309444820 272 87 2
4309444833 317 125 1
4309444846 266 100 4
4309444859 134 63 0
4309444872 347 80 1
4309444885 376 126 3
4309444898 118 47 0
4309444911 75 28 0
4309444924 59 33 0
4309444937 65 32 0
4309444950 70 36 0
4309444963 124 38 0
4309444976 84 33 0
4309444989 329 129 1
4309445002 67 36 1
4309445015 281 124 2
4309445028 99 41 0
4309445041 95 36 0
4309445054 101 49 0
4309445067 55 36 0
4309445080 272 132 1
4309445093 76 37 0
4309445106 234 94 0
4309445119 64 36 0
4309445132 348 152 2
4309445145 31 12 0
4309445158 57 19 0
4309445171 299 142 1
4309445184 87 30 0
4309445197 70 39 0
4309445210 102 36 0
4309445223 380 149 0
4309445236 81 35 1
4309445249 62 36 0
4309445262 261 119 1
4309445275 67 37 0
4309445288 114 36 2
4309445302 71 39 1
4309445315 482 216 1
4309445328 9 3 0
4309445341 72 18 0
4309445354 107 33 1
4309445367 91 33 1
4309445380 242 45 0
4309445393 289 102 0
4309445406 15 11 1
4309445419 70 20 0
4309445432 6 4 2
4309445445 9 1 1
4309445458 66 24 0
4309445471 2 2 0
4309445484 19 9 0
4309445497 41 14 0
4309445510 259 85 1
4309445523 294 81 0
4309445536 87 30 1
4309445549 103 36 0
4309445562 75 36 0
4309445575 310 135 1
4309445588 76 29 0
4309445601 87 36 0
4309445614 114 33 0
4309445627 44 30 0
4309445640 310 144 0
4309445653 73 36 0
4309445666 108 30 0
4309445679 85 28 0
4309445692 107 34 0
4309445705 69 36 0
4309445718 105 28 0
4309445731 55 38 0
4309445744 404 173 2
4309445757 94 32 1
4309445770 93 60 0
4309445783 136 54 0
4309445796 206 100 1
4309445809 179 48 1
4309445822 185 103 0
4309445835 63 33 1
4309445848 73 35 0
4309445861 29 15 0
4309445874 27 9 0
4309445887 403 147 3
4309445900 477 208 0
4309445913 98 34 0
4309445926 346 131 2
4309445939 238 90 1
4309445952 615 244 4
4309445965 53 23 0
4309445978 27 11 0
4309445991 399 138 2
4309446004 169 72 0
4309446017 215 98 0
4309446030 27 9 0
4309446043 180 80 0
4309446056 12 9 0
4309446069 103 47 0
4309446082 165 64 0
4309446095 122 59 0
4309446108 487 194 2
4309446121 34 16 0
4309446134 83 32 0
4309446147 37 21 0
4309446160 171 84 0
4309446173 30 16 7
4309446186 56 22 4
4309446199 80 31 11
4309446212 49 18 5
4309446225 63 25 9
4309446238 29 1 3
4309446252 27 9 0
4309446265 963 401 2
4309446278 3460 1372 10
4309446291 1058 496 5
4309446304 1308 607 6
4309446317 1174 387 2
4309446330 911 375 2
4309446343 705 311 1
4309446356 2245 1040 9
4309446369 1170 608 3
4309446382 1976 832 7
4309446395 752 359 3
4309446408 1633 606 6
4309446421 2226 1114 12
4309446434 259 120 1
4309446447 0 0 0
4309446460 0 0 0
4309446473 0 0 0
4309446486 0 0 0
4309446499 0 0 0
4309446512 0 0 0
4309446525 0 0 0
4309446538 3918 1488 13
4309446551 2526 1272 7
4309446564 1409 457 4
4309446577 1208 403 3
4309446590 335 113 0
4309446603 438 145 1
4309446616 295 126 1
4309446629 295 122 0
4309446642 312 128 2
4309446655 464 212 0
4309446668 290 139 0
4309446681 102 49 1
4309446694 74 40 1
4309446707 136 51 0
4309446720 196 87 0
4309446733 27 9 0
4309446746 41 9 0
4309446759 18 9 0
4309446772 34 15 0
4309446785 11 6 0
4309446798 56 20 1
4309446811 27 9 0
4309446824 72 23 0
4309446838 68 28 0
4309446851 91 47 0
4309446864 228 113 0
4309446877 25 9 0
4309446890 54 9 0
4309446903 24 9 0
4309446916 36 15 0
4309446929 3 7 0
4309446942 0 3 0
4309446955 0 5 0
4309446968 0 4 0
4309446981 0 4 0
4309446994 0 2 0
4309447007 0 0 0
4309447020 0 0 0
4309447033 3 0 0
4309447046 269 79 0
4309447059 85 63 0
4309447072 0 0 0
4309447085 294 156 2
4309447098 158 71 1
4309447111 41 11 0
4309447124 74 37 0
4309447137 493 232 1
4309447150 360 169 0
4309447163 39 36 1
4309447176 305 136 1
4309447189 83 27 0
4309447202 180 83 1
4309447215 89 36 0
4309447228 180 89 2
4309447241 169 87 0
4309447254 209 112 1
4309447267 149 58 1
4309447280 8 6 0
4309447293 259 135 0
4309447306 54 31 0
4309447319 296 145 2
4309447332 38 16 1
4309447345 173 102 2
4309447358 221 75 0
4309447371 16 9 1
4309447384 0 0 0
4309447397 92 55 1
4309447410 387 215 1
4309447423 0 0 0
4309447436 305 140 1
4309447449 108 48 1
4309447462 19 1 1
4309447475 97 33 1
4309447488 135 36 0
4309447501 260 97 0
4309447514 92 39 0
4309447527 180 83 0
4309447540 66 30 0
4309447553 99 39 0
4309447566 270 88 0
4309447579 114 54 2
4309447592 210 84 0
4309447605 84 42 0
4309447618 129 45 0
4309447631 253 101 1
4309447644 96 42 1
4309447657 121 39 0
4309447670 90 39 0
4309447683 388 197 3
4309447696 56 30 0
4309447709 0 0 1
4309447722 22 20 0
4309447735 0 0 0
4309447748 100 69 1
4309447761 1 2 0
4309447774 0 0 0
4309447787 265 176 2
4309447800 106 72 0
4309447813 0 0 0
4309447826 3 0 1
4309447839 368 184 2
4309447852 20 8 1
4309447865 37 10 0
4309447878 31 13 0
4309447891 420 217 4
4309447904 124 88 1
4309447917 126 82 0
4309447930 5 3 0
4309447943 173 68 1
4309447956 40 36 0
4309447969 169 128 0
4309447982 243 126 2
4309447995 11 7 0
4309448008 53 31 0
4309448021 47 26 1
4309448034 228 164 1
4309448047 150 75 0
4309448060 153 108 1
4309448073 275 223 1
4309448086 400 254 2
4309448099 71 34 0
4309448112 23 22 0
4309448125 289 171 2
4309448138 97 49 0
4309448151 30 18 0
4309448164 722 454 6
4309448177 26 23 0
4309448190 42 13 0
4309448203 13 7 0
4309448216 151 101 0
4309448229 8 7 0
4309448242 10 7 0
4309448255 395 232 3
4309448268 16 7 0
4309448281 32 12 0
4309448294 20 9 0
4309448307 21 12 0
4309448320 42 18 0
4309448333 172 94 0
4309448346 10 6 0
4309448359 21 8 0
4309448373 12 8 0
4309448386 220 109 0
4309448399 30 8 0
4309448412 11 5 0
4309448425 10 5 0
4309448438 24 5 0
4309448451 14 9 0
4309448464 37 17 0
4309448477 36 16 0
4309448490 10 8 0
4309448503 0 0 0
4309448516 21 7 0
4309448529 28 34 1
4309448542 81 79 5
4309448555 37 28 0
4309448568 0 0 0
4309448581 0 0 0
4309448594 0 0 0
4309448607 0 0 0
4309448620 0 0 0
4309448633 0 0 0
4309448646 0 0 0
4309448659 0 0 0
4309448672 0 0 0
4309448685 0 0 0
4309448698 0 0 0
4309448711 0 0 0
4309448724 0 0 0
4309448737 0 0 0
4309448750 0 0 0
4309448763 0 0 0
4309448776 86 49 2
4309448789 13 16 0
4309448802 21 19 0
4309448815 26 12 0
4309448828 27 18 0
4309448841 22 16 0
4309448854 2006 1333 15
4309448867 5297 3437 32
4309448880 316 238 1
4309448893 1178 623 3
4309448906 0 0 0
4309448919 248 185 1
4309448932 431 319 1
4309448945 0 0 0
4309448958 0 0 0
4309448971 0 0 0
4309448984 0 0 0
4309448997 0 0 0
4309449010 0 0 0
4309449023 743 361 4
4309449036 270 134 1
4309449049 0 0 0
4309449062 0 0 0
4309449075 0 0 0
4309449088 0 0 0
4309449101 0 0 0
4309449114 3746 2373 16
4309449127 5816 3658 36
4309449140 2432 1736 12
4309449153 2119 1290 7
4309449166 0 0 0
4309449179 796 552 4
4309449192 947 485 3
4309449205 0 0 0
4309449218 0 0 0
4309449231 0 0 0
4309449244 0 0 0
4309449257 0 0 0
4309449270 0 0 0
4309449283 950 432 3
4309449296 0 0 0
4309449309 0 0 0
4309449323 0 0 0
4309449336 0 0 0
4309449349 0 0 0
4309449362 857 412 3
4309449375 621 319 1
4309449388 357 241 0
4309449401 324 213 1
4309449414 69 48 0
4309449427 171 99 0
4309449440 60 47 0
4309449454 169 132 0
4309449467 84 59 1
4309449480 66 54 0
4309449493 84 60 1
4309449506 521 329 4
4309449519 23 9 0
4309449532 2 9 1
4309449545 11 9 0
4309449558 47 18 0
4309449571 23 21 0
4309449584 23 9 0
4309449597 15 8 0
4309449610 18 10 0
4309449623 10 8 0
4309449636 14 9 0
4309449649 14 9 0
4309449662 2 9 0
4309449675 55 30 0
4309449688 22 21 0
4309449701 20 8 0
4309449714 12 9 0
4309449727 10 9 0
4309449740 21 9 0
4309449753 18 9 0
4309449766 31 18 0
4309449779 28 29 0
4309449792 670 489 8
4309449805 0 0 0
4309449818 0 0 0
4309449831 215 110 1
4309449844 0 0 0
4309449857 181 139 2
4309449870 95 86 0
4309449883 156 145 1
4309449896 128 70 0
4309449909 103 87 1
4309449922 258 147 2
4309449935 192 109 1
4309449948 186 105 0
4309449961 308 269 1
4309449974 356 257 1
4309449987 97 74 0
4309450000 159 126 0
4309450013 214 188 2
4309450026 33 16 0
4309450039 45 32 0
4309450052 43 36 1
4309450065 41 36 0
4309450078 189 195 1
4309450091 420 277 1
4309450104 89 55 1
4309450117 0 0 0
4309450130 105 98 1
4309450143 6 3 0
4309450156 2 2 0
4309450169 0 2 0
4309450182 28 27 0
4309450195 118 105 1
4309450208 92 59 0
4309450221 6 8 0
4309450234 5 11 0
4309450247 13 11 0
4309450260 7 8 0
4309450273 15 9 0
4309450286 15 9 0
4309450299 9 9 0
4309450312 9 9 0
4309450325 116 80 1
4309450338 133 99 3
4309450351 9 8 0
4309450364 14 9 0
4309450377 19 11 0
4309450390 7 9 0
4309450403 23 9 0
4309450416 8 9 0
4309450429 9 9 0
4309450442 2 9 0
4309450455 12 9 0
4309450468 14 9 0
4309450481 14 9 0
4309450494 10 9 0
4309450507 8 8 0
4309450520 29 23 3
4309450533 27 24 0
4309450546 24 24 0
4309450559 42 27 1
4309450572 45 27 0
4309450585 47 23 0
4309450598 86 68 0
4309450611 25 24 0
4309450624 278 196 1
4309450637 31 24 0
4309450650 32 23 0
4309450663 27 25 0
4309450676 187 199 2
4309450689 149 123 0
4309450702 34 24 0
4309450715 37 30 0
4309450728 47 41 2
4309450741 53 51 1
4309450754 199 175 2
4309450767 454 293 3
4309450780 0 0 0
4309450793 0 0 0
4309450806 32 21 0
4309450819 0 0 0
4309450832 112 67 1
4309450845 4 5 0
4309450858 15 27 0
4309450871 221 217 1
4309450884 32 33 0
4309450897 88 41 0
4309450910 0 0 0
4309450923 219 212 3
4309450936 55 47 0
4309450949 100 73 3
4309450962 9 3 0
4309450975 21 23 0
4309450988 45 35 0
4309451001 208 138 0
4309451014 46 39 0
4309451027 53 36 0
4309451041 52 27 0
4309451054 12 9 0
4309451067 12 9 0
4309451080 3 9 0
4309451093 18 12 0
4309451106 10 9 0
4309451119 12 8 0
4309451132 6 9 0
4309451145 18 15 0
4309451158 10 15 0
4309451171 361 325 3
4309451184 3 6 0
4309451197 7 11 0
4309451210 6 9 0
4309451223 19 12 2
4309451236 18 9 0
4309451249 8 9 0
4309451262 10 9 0
4309451275 28 21 0
4309451288 46 48 1
4309451301 44 39 0
4309451314 112 117 2
4309451327 115 112 2
4309451340 16 27 0
4309451353 19 24 0
4309451366 15 33 0
4309451379 167 158 2
4309451392 21 31 0
4309451405 16 24 0
4309451418 31 33 0
4309451431 186 213 2
4309451444 12 24 0
4309451457 178 207 2
4309451470 32 27 0
4309451483 25 24 1
4309451496 117 109 0
4309451509 102 100 0
4309451522 6 12 0
4309451535 6 9 1
4309451548 15 15 0
4309451561 6 9 0
4309451574 2 4 0
4309451587 1 8 0
4309451600 10 12 0
4309451613 5 9 0
4309451626 15 9 0
4309451639 4 9 0
4309451652 8 9 0
4309451665 5 9 0
4309451678 7 15 0
4309451692 7 9 0
4309451705 0 4 1
4309451718 0 1 0
4309451731 0 0 0
4309451744 21 12 0
4309451757 0 0 0
4309451770 3 5 2
4309451783 234 220 0
4309451796 240 261 2
4309451809 56 43 1
4309451822 276 270 2
4309451835 101 90 2
4309451848 122 139 0
4309451861 260 246 0
4309451874 239 189 2
4309451887 84 45 2
4309451900 320 197 3
4309451913 66 36 1
4309451926 96 54 0
4309451939 107 78 2
4309451952 174 101 0
4309451965 47 46 0
4309451978 218 170 1
4309451991 176 202 3
4309452004 276 217 3
4309452017 114 97 1
4309452030 38 34 0
4309452043 32 55 4
4309452056 11 14 0
4309452069 245 283 5
4309452082 61 72 0
4309452095 38 35 0
4309452108 29 29 1
4309452121 20 23 0
4309452134 311 311 1
4309452147 140 175 2
4309452160 32 28 0
4309452173 346 358 3
4309452186 20 26 0
4309452199 6 11 0
4309452212 331 358 4
4309452225 8 6 1
4309452238 18 14 0
4309452251 4 8 0
4309452264 9 12 0
4309452277 8 9 0
4309452290 1 9 0
4309452303 7 15 0
4309452316 11 7 0
4309452329 9 7 0
4309452342 6 7 0
4309452355 11 12 0
4309452368 224 165 0
4309452381 8 11 0
4309452394 8 10 0
4309452407 1 2 0
4309452420 4 7 0
4309452433 15 6 0
4309452446 5 6 0
4309452459 157 160 3
4309452472 8 9 0
4309452485 11 9 0
4309452498 6 5 0
4309452511 6 7 0
4309452524 3 8 0
4309452537 0 8 0
4309452550 13 3 0
4309452563 13 10 0
4309452576 4 9 0
4309452589 20 13 0
4309452602 28 33 0
4309452615 218 222 1
4309452628 50 48 0
4309452641 178 185 2
4309452654 158 155 0
4309452667 357 375 3
4309452680 86 89 1
4309452693 272 335 5
4309452706 69 58 0
4309452719 272 302 4
4309452732 421 475 0
4309452745 281 260 2
4309452758 205 201 2
4309452771 392 409 3
4309452784 79 72 2
4309452797 29 33 0
4309452810 31 33 0
4309452823 23 36 0
4309452836 125 98 1
4309452849 167 136 1
4309452862 66 83 0
4309452875 81 91 0
4309452888 38 30 1
4309452902 129 162 0
4309452915 52 55 2
4309452928 82 114 2
4309452941 0 0 0
4309452954 0 2 0
4309452967 0 0 0
4309452980 5 8 0
4309452993 2 1 0
4309453007 0 3 11
4309453020 8 8 0
4309453033 17 18 0
4309453046 2 2 3
4309453059 5 1 0
4309453072 25 21 0
4309453085 1369 1665 15
4309453098 1172 1338 5
4309453111 498 734 4
4309453124 37 36 3
4309453137 770 726 2
4309453150 1061 1138 5
4309453163 666 898 3
4309453176 878 1109 5
4309453189 532 425 3
4309453202 995 764 3
4309453215 50 57 0
4309453228 0 0 0
4309453241 0 0 0
4309453254 0 0 0
4309453267 0 0 0
4309453280 0 0 0
4309453293 0 0 0
4309453306 0 0 0
4309453319 0 0 0
4309453332 392 426 5
4309453345 1531 1512 9
4309453358 1273 1357 6
4309453371 240 324 3
4309453384 0 0 0
4309453397 704 601 5
4309453410 837 996 7
4309453423 471 627 7
4309453436 951 1066 11
4309453449 593 534 4
4309453462 1601 1191 13
4309453475 0 0 0
4309453488 0 0 0
4309453501 0 0 0
4309453514 0 0 0
4309453527 0 0 0
4309453540 0 0 0
4309453553 0 0 0
4309453566 0 0 0
4309453579 0 0 0
4309453592 538 480 4
4309453605 1239 1281 6
4309453618 1164 1081 10
4309453631 0 0 0
4309453644 62 50 2
4309453657 832 753 8
4309453670 428 423 2
4309453683 421 491 6
4309453696 1044 944 7
4309453709 450 324 8
4309453723 1007 620 4
4309453736 0 0 0
4309453749 0 0 0
4309453762 0 0 0
4309453775 0 0 0
4309453788 0 0 0
4309453801 0 0 0
4309453814 0 0 0
4309453827 0 0 0
4309453840 0 0 0
4309453853 1094 842 12
4309453866 716 584 2
4309453879 512 573 3
4309453892 0 0 0
4309453905 442 339 2
4309453918 460 363 3
4309453931 0 0 0
4309453944 392 484 5
4309453957 798 679 4
4309453970 967 549 6
4309453983 0 0 0
4309453996 0 0 0
4309454009 0 0 0
4309454022 0 0 0
4309454035 0 0 0
4309454048 0 0 0
4309454061 0 0 0
4309454074 0 0 0
4309454087 0 0 0
4309454100 3 7 3
4309454113 603 447 6
4309454126 504 437 3
4309454139 80 81 0
4309454152 0 0 0
4309454165 430 290 2
4309454178 326 278 3
4309454191 0 0 0
4309454204 413 402 4
4309454217 661 473 4
4309454230 780 445 7
4309454243 0 0 0
4309454256 0 0 0
4309454269 0 0 0
4309454282 0 0 0
4309454295 0 0 0
4309454308 0 0 0
4309454321 0 0 0
4309454334 0 0 0
4309454347 0 0 0
4309454360 279 132 2
4309454373 287 193 2
4309454386 0 0 0
4309454399 0 0 0
4309454412 187 129 1
4309454425 441 339 3
4309454438 0 0 0
4309454451 0 0 0
4309454464 3 0 0
4309454477 1048 609 4
4309454490 0 0 0
4309454503 0 0 0
4309454516 0 0 0
4309454529 0 0 0
4309454542 0 0 0
4309454555 0 0 0
4309454568 0 0 0
4309454581 0 0 0
4309454594 0 0 0
4309454607 1 5 1
4309454620 3 3 1
4309454633 0 0 0
4309454646 0 0 0
4309454659 0 0 0
4309454672 298 184 2
4309454686 0 0 0
4309454699 0 0 0
4309454712 0 0 0
4309454725 319 210 2
4309454738 316 158 1
4309454751 0 0 0
4309454764 0 0 0
4309454777 0 0 0
4309454790 0 0 0
4309454803 0 0 0
4309454816 0 0 0
4309454829 0 0 0
4309454842 0 0 0
4309454855 0 0 0
4309454868 0 0 0
4309454881 0 0 0
4309454894 0 0 0
4309454907 0 0 0
4309454920 2 3 3
4309454933 0 0 0
4309454946 0 0 0
4309454959 0 0 0
4309454972 1 4 1
4309454985 276 150 1
4309454998 0 0 0
4309455011 0 0 0
4309455024 0 0 0
4309455037 0 0 0
4309455050 0 0 0
4309455063 0 0 0
4309455076 0 0 0
4309455089 0 0 0
4309455102 0 0 0
4309455115 0 0 0
4309455128 0 0 0
4309455141 0 0 0
4309455154 0 0 0
4309455167 0 0 0
4309455180 0 0 0
4309455193 0 0 0
4309455206 0 0 0
4309455219 0 0 0
4309455232 0 0 0
4309455245 0 0 0
4309455258 0 0 0
4309455271 0 0 0
4309455284 0 0 0
4309455297 0 0 0
4309455310 0 0 0
4309455323 0 0 0
4309455336 0 0 0
4309455349 0 0 0
4309455362 0 0 0
4309455375 0 0 0
4309455388 0 0 0
4309455401 0 0 0
4309455414 0 0 0
4309455427 0 0 0
4309455440 0 0 0
4309455453 0 0 0
4309455466 0 0 0
4309455479 0 0 0
4309455492 0 0 0
4309455505 0 0 0
4309455518 0 0 0
4309455531 0 0 0
4309455544 0 0 0
4309455557 0 0 0
4309455570 0 0 0
4309455583 0 0 0
4309455596 0 0 0
4309455609 0 0 0
4309455622 0 0 0
4309455635 0 0 0
4309455648 0 0 0
4309455661 0 0 0
4309455674 0 0 0
4309455687 0 0 0
4309455700 0 0 0
4309455713 0 0 0
4309455726 0 0 0
4309455739 0 0 0
4309455752 0 0 0
4309455765 0 0 0
4309455778 0 0 0
4309455791 0 0 0
4309455804 0 0 0
4309455817 0 0 0
4309455830 0 0 0
4309455843 0 0 0
4309455856 0 0 0
4309455869 0 0 0
4309455882 0 0 0
4309455895 0 0 0
4309455908 0 0 0
4309455921 0 0 0
4309455934 0 0 0
4309455947 0 0 0
4309455960 0 0 0
4309455973 0 0 0
4309455986 0 0 0
4309455999 0 0 0
4309456012 0 0 0
4309456025 0 0 0
4309456038 0 0 0
4309456051 0 0 0
4309456064 0 0 0
4309456077 0 0 0
4309456090 0 0 0
4309456103 0 0 0
4309456116 0 0 0
4309456129 0 0 0
4309456142 0 0 0
4309456155 0 0 0
4309456168 0 0 0
4309456181 0 0 0
4309456194 0 0 0
4309456207 0 0 0
4309456220 0 0 0
4309456233 0 0 0
4309456246 0 0 0
4309456259 0 0 0
4309456272 0 0 0
4309456285 0 0 0
4309456298 0 0 0
4309456311 0 0 0
4309456324 0 0 0
4309456337 0 0 0
4309456350 0 0 0
4309456363 0 0 0
4309456376 0 0 0
4309456389 0 0 0
4309456402 0 0 0
4309456415 0 0 0
4309456428 0 0 0
4309456441 0 0 0
4309456454 0 0 0
4309456467 0 0 0
4309456480 0 0 0
4309456493 0 0 0
4309456506 0 0 0
4309456519 0 0 0
4309456532 0 0 0
4309456545 0 0 0
4309456558 0 0 0
4309456571 0 0 0
4309456584 0 0 0
4309456597 0 0 0
4309456610 0 0 0
4309456623 0 0 0
4309456636 0 0 0
4309456649 0 0 0
4309456662 0 0 0
4309456675 0 0 0
4309456688 0 0 0
4309456701 0 0 0
4309456714 0 0 0
4309456727 0 0 0
4309456740 0 0 0
4309456753 0 0 0
4309456766 0 0 0
4309456779 0 0 0
4309456792 0 0 0
4309456805 0 0 0
4309456818 0 0 0
4309456831 0 0 0
4309456844 0 0 0
4309456857 0 0 0
4309456870 0 0 0
4309456883 0 0 0
4309456896 0 0 0
4309456909 0 0 0
4309456922 0 0 0
4309456935 0 0 0
4309456948 0 0 0
4309456961 0 0 0
4309456974 0 0 0
4309456987 0 0 0
4309457000 0 0 0
4309457013 0 0 0
4309457026 0 0 0
4309457039 0 0 0
4309457052 0 0 0
4309457065 0 0 0
4309457078 0 0 0
4309457091 0 0 0
4309457104 0 0 0
4309457117 0 0 0
4309457130 0 0 0
4309457143 0 0 0
4309457156 0 0 0
4309457169 0 0 0
4309457182 0 0 0
4309457195 0 0 0
4309457208 0 0 0
4309457221 0 0 0
4309457234 0 0 0
4309457247 0 0 0
4309457260 0 0 0
4309457273 0 0 0
4309457286 0 0 0
4309457299 0 0 0
4309457312 0 0 0
4309457325 0 0 0
4309457338 0 0 0
4309457351 0 0 0
4309457364 0 0 0
4309457377 0 0 0
4309457390 0 0 0
4309457403 0 0 0
4309457416 0 0 0
4309457429 0 0 0
4309457442 0 0 0
4309457455 0 0 0
4309457468 0 0 0
4309457481 0 0 0
4309457494 0 0 0
4309457507 0 0 0
4309457520 0 0 0
4309457533 0 0 0
4309457546 0 0 0
4309457559 0 0 0
4309457572 0 0 0
4309457585 0 0 0
4309457598 0 0 0
4309457611 0 0 0
4309457624 0 0 0
4309457637 0 0 0
4309457650 0 0 0
4309457663 0 0 0
4309457676 0 0 0
4309457689 0 0 0
4309457702 0 0 0
4309457715 0 0 0
4309457728 0 0 0
4309457741 0 0 0
4309457754 0 0 0
4309457767 0 0 0
4309457780 0 0 0
4309457793 0 0 0
4309457806 0 0 0
4309457819 0 0 0
4309457832 0 0 0
4309457845 0 0 0
4309457858 0 0 0
4309457871 0 0 0
4309457884 0 0 0
4309457897 0 0 0
4309457910 0 0 0
4309457923 0 0 0
4309457936 0 0 0
4309457949 0 0 0
4309457962 0 0 0
4309457975 0 0 0
4309457988 0 0 0
4309458001 0 0 0
4309458014 0 0 0
4309458027 0 0 0
4309458040 0 0 0
4309458053 0 0 0
4309458066 0 0 0
4309458079 0 0 0
4309458092 0 0 0
4309458105 0 0 0
4309458118 0 0 0
4309458131 0 0 0
4309458144 0 0 0
4309458157 0 0 0
4309458170 0 0 0
4309458183 0 0 0
4309458196 0 0 0
4309458209 0 0 0
4309458222 0 0 0
4309458235 0 0 0
4309458248 0 0 0
4309458261 0 0 0
4309458274 0 0 0
4309458287 0 0 0
4309458300 0 0 0
4309458313 0 0 0
4309458326 0 0 0
4309458339 0 0 0
4309458352 0 0 0
4309458365 0 0 0
4309458378 0 0 0
4309458391 0 0 0
4309458404 0 0 0
4309458417 0 0 0
4309458430 0 0 0
4309458443 0 0 0
4309458456 0 0 0
4309458469 0 0 0
4309458482 0 0 0
4309458495 0 0 0
4309458508 0 0 0
4309458521 0 0 0
4309458534 0 0 0
4309458547 0 0 0
4309458560 0 0 0
4309458573 0 0 0
4309458586 0 0 0
4309458599 0 0 0
4309458612 0 0 0
4309458625 0 0 0
4309458638 0 0 0
4309458651 0 0 0
4309458664 0 0 0
4309458677 0 0 0
4309458690 0 0 0
4309458703 0 0 0
4309458716 0 0 0
4309458729 0 0 0
4309458742 0 0 0
4309458755 0 0 0
4309458768 0 0 0
4309458781 0 0 0
4309458794 0 0 0
4309458807 0 0 0
4309458820 0 0 0
4309458833 0 0 0
4309458846 0 0 0
4309458859 0 0 0
4309458872 0 0 0
4309458885 0 0 0
4309458898 0 0 0
4309458911 0 0 0
4309458924 0 0 0
4309458937 0 0 0
4309458950 0 0 0
4309458963 0 0 0
4309458976 0 0 0
4309458989 0 0 0
4309459002 0 0 0
4309459015 0 0 0
4309459028 0 0 0
4309459041 0 0 0
4309459054 0 0 0
4309459067 0 0 0
4309459080 0 0 0
4309459093 0 0 0
4309459106 0 0 0
4309459119 0 0 0
4309459132 0 0 0
4309459145 0 0 0
4309459158 0 0 0
4309459171 0 0 0
4309459184 0 0 0
4309459197 0 0 0
4309459210 0 0 0
4309459223 0 0 0
4309459236 0 0 0
4309459249 0 0 0
4309459262 0 0 0
4309459275 0 0 0
4309459288 0 0 0
4309459301 0 0 0
4309459314 0 0 0
4309459327 0 0 0
4309459340 0 0 0
4309459353 0 0 0
4309459366 0 0 0
4309459379 0 0 0
4309459392 0 0 0
4309459405 0 0 0
4309459418 0 0 0
4309459431 0 0 0
4309459444 0 0 0
4309459457 0 0 0
4309459470 0 0 0
4309459483 0 0 0
4309459496 0 0 0
4309459509 0 0 0
4309459522 0 0 0
4309459535 0 0 0
4309459548 0 0 0
4309459561 0 0 0
4309459574 0 0 0
4309459587 0 0 0
4309459600 0 0 0
4309459613 0 0 0
4309459626 0 0 0
4309459639 0 0 0
4309459652 0 0 0
4309459665 0 0 0
4309459678 0 0 0
4309459691 0 0 0
4309459704 0 0 0
4309459717 0 0 0
4309459730 0 0 0
4309459743 0 0 0
4309459756 0 0 0
4309459769 0 0 0
4309459782 0 0 0
4309459795 0 0 0
4309459808 0 0 0
4309459821 0 0 0
4309459834 0 0 0
4309459847 0 0 0
4309459860 0 0 0
4309459873 0 0 0
4309459886 0 0 0
4309459899 0 0 0
4309459912 0 0 0
4309459925 0 0 0
4309459938 0 0 0
4309459951 0 0 0
4309459964 0 0 0
4309459977 0 0 0
4309459990 0 0 0
4309460003 0 0 0
4309460016 0 0 0
4309460029 0 0 0
4309460042 0 0 0
4309460055 0 0 0
4309460068 0 0 0
4309460081 0 0 0
4309460094 0 0 0
4309460107 0 0 0
4309460120 0 0 0
4309460133 0 0 0
4309460146 0 0 0
4309460159 0 0 0
4309460172 0 0 0
4309460185 0 0 0
4309460198 0 0 0
4309460211 0 0 0
4309460224 0 0 0
4309460237 0 0 0
4309460250 0 0 0
4309460263 0 0 0
4309460276 0 0 0
4309460289 0 0 0
4309460302 0 0 0
4309460315 0 0 0
4309460328 0 0 0
4309460341 0 0 0
4309460354 0 0 0
4309460367 0 0 0
4309460380 0 0 0
4309460393 0 0 0
4309460406 0 0 0
4309460419 0 0 0
4309460432 0 0 0
4309460445 0 0 0
4309460458 0 0 0
4309460471 0 0 0
4309460484 0 0 0
4309460497 0 0 0
4309460510 0 0 0
4309460523 0 0 0
4309460536 0 0 0
4309460549 0 0 0
4309460562 0 0 0
4309460575 0 0 0
4309460588 0 0 0
4309460601 0 0 0
4309460614 0 0 0
4309460627 0 0 0
4309460640 0 0 0
4309460653 0 0 0
4309460666 0 0 0
4309460679 0 0 0
4309460692 0 0 0
4309460705 0 0 0
4309460718 0 0 0
4309460731 0 0 0
4309460744 0 0 0
4309460757 0 0 0
4309460770 0 0 0
4309460783 0 0 0
4309460796 0 0 0
4309460809 0 0 0
4309460822 0 0 0
4309460835 0 0 0
4309460848 0 0 0
4309460861 0 0 0
4309460874 0 0 0
4309460887 0 0 0
4309460900 0 0 0
4309460913 0 0 0
4309460926 0 0 0
4309460939 0 0 0
4309460952 0 0 0
4309460965 0 0 0
4309460978 0 0 0
4309460991 0 0 0
4309461004 0 0 0
4309461017 0 0 0
4309461030 0 0 0
4309461043 0 0 0
4309461056 0 0 0
4309461069 0 0 0
4309461082 0 0 0
4309461095 0 0 0
4309461108 0 0 0
4309461121 0 0 0
4309461134 0 0 0
4309461147 0 0 0
4309461160 0 0 0
4309461173 0 0 0
4309461186 0 0 0
4309461199 0 0 0
4309461212 0 0 0
4309461225 0 0 0
4309461238 0 0 0
4309461251 0 0 0
4309461264 0 0 0
4309461277 0 0 0
4309461290 0 0 0
4309461303 0 0 0
4309461316 0 0 0
4309461329 0 0 0
4309461342 0 0 0
4309461355 0 0 0
4309461368 0 0 0
4309461381 0 0 0
4309461394 0 0 0
4309461407 0 0 0
4309461420 0 0 0
4309461433 0 0 0
4309461446 0 0 0
4309461459 0 0 0
4309461472 0 0 0
4309461485 0 0 0
4309461498 0 0 0
4309461511 0 0 0
4309461524 0 0 0
4309461537 0 0 0
4309461550 0 0 0
4309461563 0 0 0
4309461576 0 0 0
4309461589 0 0 0
4309461602 0 0 0
4309461615 0 0 0
4309461628 0 0 0
4309461641 0 0 0
4309461654 0 0 0
4309461667 0 0 0
4309461680 0 0 0
4309461693 0 0 0
4309461706 0 0 0
4309461719 0 0 0
4309461732 0 0 0
4309461745 0 0 0
4309461758 0 0 0
4309461771 0 0 0
4309461784 0 0 0
4309461797 0 0 0
4309461810 0 0 0
4309461823 0 0 0
4309461836 0 0 0
4309461849 0 0 0
4309461862 0 0 0
4309461875 0 0 0
4309461888 0 0 0
4309461901 0 0 0
4309461914 0 0 0
4309461927 0 0 0
4309461940 0 0 0
4309461953 0 0 0
4309461966 0 0 0
4309461979 0 0 0
4309461992 0 0 0
4309462005 0 0 0
4309462018 0 0 0
4309462031 0 0 0
4309462044 0 0 0
4309462057 0 0 0
4309462070 0 0 0
4309462083 0 0 0
4309462096 0 0 0
4309462109 0 0 0
4309462122 0 0 0
4309462135 0 0 0
4309462148 0 0 0
4309462161 0 0 0
4309462174 0 0 0
4309462187 0 0 0
4309462200 0 0 0
4309462213 0 0 0
4309462226 0 0 0
4309462239 0 0 0
4309462252 0 0 0
4309462265 0 0 0
4309462278 0 0 0
4309462291 0 0 0
4309462304 0 0 0
4309462317 0 0 0
4309462330 0 0 0
4309462343 0 0 0
4309462356 0 0 0
4309462369 0 0 0
4309462382 0 0 0
4309462395 0 0 0
4309462408 0 0 0
4309462421 0 0 0
4309462434 0 0 0
4309462447 0 0 0
4309462460 0 0 0
4309462473 0 0 0
4309462486 0 0 0
4309462499 0 0 0
4309462512 0 0 0
4309462525 0 0 0
4309462538 0 0 0
4309462551 0 0 0
4309462564 0 0 0
4309462577 0 0 0
4309462590 0 0 0
4309462603 0 0 0
4309462616 0 0 0
4309462629 0 0 0
4309462642 0 0 0
4309462655 0 0 0
4309462668 0 0 0
4309462681 0 0 0
4309462694 0 0 0
4309462707 0 0 0
4309462720 0 0 0
4309462733 0 0 0
4309462746 0 0 0
4309462759 0 0 0
4309462772 0 0 0
4309462785 0 0 0
4309462798 0 0 0
4309462811 0 0 0
4309462824 0 0 0
4309462837 0 0 0
4309462850 0 0 0
4309462863 0 0 0
4309462876 0 0 0
4309462889 0 0 0
4309462902 0 0 0
4309462915 0 0 0
4309462928 0 0 0
4309462941 0 0 0
4309462954 0 0 0
4309462967 0 0 0
4309462980 0 0 0
4309462993 0 0 0
4309463006 0 0 0
4309463019 0 0 0
4309463032 0 0 0
4309463045 0 0 0
4309463058 0 0 0
4309463071 0 0 0
4309463084 0 0 0
4309463097 0 0 0
4309463110 0 0 0
4309463123 0 0 0
4309463136 0 0 0
4309463149 0 0 0
4309463162 0 0 0
4309463175 0 0 0
4309463188 0 0 0
4309463201 0 0 0
4309463214 0 0 0
4309463227 0 0 0
4309463240 0 0 0
4309463253 0 0 0
4309463266 0 0 0
4309463279 0 0 0
4309463292 0 0 0
4309463305 0 0 0
4309463318 0 0 0
4309463331 0 0 0
4309463344 0 0 0
4309463357 0 0 0
4309463370 0 0 0
4309463383 0 0 0
4309463396 0 0 0
4309463409 0 0 0
4309463422 0 0 0
4309463435 0 0 0
4309463448 0 0 0
4309463461 0 0 0
4309463474 0 0 0
4309463487 0 0 0
4309463500 0 0 0
4309463513 0 0 0
4309463526 0 0 0
4309463539 0 0 0
4309463552 0 0 0
4309463565 0 0 0
4309463578 0 0 0
4309463591 0 0 0
4309463604 0 0 0
4309463617 0 0 0
4309463630 0 0 0
4309463643 0 0 0
4309463656 0 0 0
4309463669 0 0 0
4309463682 0 0 0
4309463695 0 0 0
4309463708 0 0 0
4309463721 0 0 0
4309463734 0 0 0
4309463747 0 0 0
4309463760 0 0 0
4309463773 0 0 0
4309463786 0 0 0
4309463799 0 0 0
4309463812 0 0 0
4309463825 0 0 0
4309463838 0 0 0
4309463851 0 0 0
4309463864 0 0 0
4309463877 0 0 0
4309463890 0 0 0
4309463903 0 0 0
4309463916 0 0 0
4309463929 0 0 0
4309463942 0 0 0
4309463955 0 0 0
4309463968 0 0 0
4309463981 0 0 0
4309463994 0 0 0
4309464007 0 0 0
4309464020 0 0 0
4309464033 0 0 0
4309464046 0 0 0
4309464059 0 0 0
4309464072 0 0 0
4309464085 0 0 0
4309464098 0 0 0
4309464111 0 0 0
4309464124 0 0 0
4309464137 0 0 0
4309464150 0 0 0
4309464163 0 0 0
4309464176 0 0 0
4309464189 0 0 0
4309464202 0 0 0
4309464215 0 0 0
4309464228 0 0 0
4309464241 0 0 0
4309464254 0 0 0
4309464267 0 0 0
4309464280 0 0 0
4309464293 0 0 0
4309464306 0 0 0
4309464319 0 0 0
4309464332 0 0 0
4309464345 0 0 0
4309464358 0 0 0
4309464371 0 0 0
4309464384 0 0 0
4309464397 0 0 0
4309464410 0 0 0
4309464423 0 0 0
4309464436 0 0 0
4309464449 0 0 0
4309464462 0 0 0
4309464475 0 0 0
4309464488 0 0 0
4309464501 0 0 0
4309464514 0 0 0
4309464527 0 0 0
4309464540 0 0 0
4309464553 0 0 0
4309464566 0 0 0
4309464579 0 0 0
4309464592 0 0 0
4309464605 0 0 0
4309464618 0 0 0
4309464631 0 0 0
4309464644 0 0 0
4309464657 0 0 0
4309464670 0 0 0
4309464683 0 0 0
4309464696 0 0 0
4309464709 0 0 0
4309464722 0 0 0
4309464735 0 0 0
4309464748 0 0 0
4309464761 0 0 0
4309464774 0 0 0
4309464787 0 0 0
4309464800 0 0 0
4309464813 0 0 0
4309464826 0 0 0
4309464839 0 0 0
4309464852 0 0 0
4309464865 0 0 0
4309464878 0 0 0
4309464891 0 0 0
4309464904 0 0 0
4309464917 0 0 0
4309464930 0 0 0
4309464943 0 0 0
4309464956 0 0 0
4309464969 0 0 0
4309464982 0 0 0
4309464995 0 0 0
4309465008 0 0 0
4309465021 0 0 0
4309465034 0 0 0
4309465047 0 0 0
4309465060 0 0 0
4309465073 0 0 0
4309465086 0 0 0
4309465099 0 0 0
4309465112 0 0 0
4309465125 0 0 0
4309465138 0 0 0
4309465151 0 0 0
4309465164 0 0 0
4309465177 0 0 0
4309465190 0 0 0
4309465203 0 0 0
4309465216 0 0 0
4309465229 0 0 0
4309465242 0 0 0
4309465255 0 0 0
4309465268 0 0 0
4309465281 0 0 0
4309465294 0 0 0
4309465307 0 0 0
4309465320 0 0 0
4309465333 0 0 0
4309465346 0 0 0
4309465359 0 0 0
4309465372 0 0 0
4309465385 0 0 0
4309465398 0 0 0
4309465411 0 0 0
4309465424 0 0 0
4309465437 0 0 0
4309465450 0 0 0
4309465463 0 0 0
4309465476 0 0 0
4309465489 0 0 0
4309465502 0 0 0
4309465515 0 0 0
4309465528 0 0 0
4309465541 0 0 0
4309465554 0 0 0
4309465567 0 0 0
4309465580 0 0 0
4309465593 0 0 0
4309465606 0 0 0
4309465619 0 0 0
4309465632 0 0 0
4309465645 0 0 0
4309465658 0 0 0
4309465671 0 0 0
4309465684 0 0 0
4309465697 0 0 0
4309465710 0 0 0
4309465723 0 0 0
4309465736 0 0 0
4309465749 0 0 0
4309465762 0 0 0
4309465775 0 0 0
4309465788 0 0 0
4309465801 0 0 0
4309465814 0 0 0
4309465827 0 0 0
4309465840 0 0 0
4309465853 0 0 0
4309465866 0 0 0
4309465879 0 0 0
4309465892 0 0 0
4309465905 0 0 0
4309465918 0 0 0
4309465931 0 0 0
4309465944 0 0 0
4309465957 0 0 0
4309465970 0 0 0
4309465983 0 0 0
4309465996 0 0 0
4309466009 0 0 0
4309466022 0 0 0
4309466035 0 0 0
4309466048 0 0 0
4309466061 0 0 0
4309466074 0 0 0
4309466087 0 0 0
4309466100 0 0 0
4309466113 0 0 0
4309466126 0 0 0
4309466139 0 0 0
4309466152 0 0 0
4309466165 0 0 0
4309466178 0 0 0
4309466191 0 0 0
4309466204 0 0 0
4309466217 0 0 0
4309466230 0 0 0
4309466243 0 0 0
4309466256 0 0 0
4309466269 0 0 0
4309466282 0 0 0
4309466295 0 0 0
4309466308 0 0 0
4309466321 0 0 0
4309466334 0 0 0
4309466347 0 0 0
4309466360 0 0 0
read 3033 profiled data
