4362487086 0 0 0
4362487099 0 0 0
4362487112 0 0 0
4362487125 0 0 0
4362487138 0 0 0
4362487151 0 0 0
4362487164 0 0 0
4362487177 0 0 0
4362487190 0 0 0
4362487203 0 0 0
4362487216 0 0 0
4362487229 0 0 0
4362487242 0 0 0
4362487255 0 0 0
4362487268 0 0 0
4362487281 0 0 0
4362487294 0 0 0
4362487307 0 0 0
4362487320 0 0 0
4362487333 0 0 0
4362487346 0 0 0
4362487359 0 0 0
4362487372 0 0 0
4362487385 0 0 0
4362487398 0 0 0
4362487411 0 0 0
4362487424 0 0 0
4362487437 0 0 0
4362487450 0 0 0
4362487463 0 0 0
4362487476 0 0 0
4362487489 0 0 0
4362487502 0 0 0
4362487515 0 0 0
4362487528 0 0 0
4362487541 0 0 0
4362487554 0 0 0
4362487567 0 0 0
4362487580 0 0 0
4362487593 0 0 0
4362487606 0 0 0
4362487619 0 0 0
4362487632 0 0 0
4362487645 0 0 0
4362487658 0 0 0
4362487671 0 0 0
4362487684 0 0 0
4362487697 0 0 0
4362487710 0 0 0
4362487723 0 0 0
4362487736 0 0 0
4362487749 0 0 0
4362487762 0 0 0
4362487775 0 0 0
4362487788 0 0 0
4362487801 0 0 0
4362487814 0 0 0
4362487827 0 0 0
4362487840 0 0 0
4362487853 0 0 0
4362487866 0 0 0
4362487879 0 0 0
4362487892 0 0 0
4362487905 0 0 0
4362487918 0 0 0
4362487931 0 0 0
4362487944 0 0 0
4362487957 0 0 0
4362487970 0 0 0
4362487983 0 0 0
4362487996 0 0 0
4362488009 0 0 0
4362488022 0 0 0
4362488035 0 0 0
4362488048 0 0 0
4362488061 0 0 0
4362488074 0 0 0
4362488087 0 0 0
4362488100 0 0 0
4362488113 0 0 0
4362488126 0 0 0
4362488139 0 0 0
4362488152 0 0 0
4362488165 0 0 0
4362488178 0 0 0
4362488191 0 0 0
4362488204 0 0 0
4362488217 0 0 0
4362488230 0 0 0
4362488243 0 0 0
4362488256 0 0 0
4362488269 0 0 0
4362488282 0 0 0
4362488298 0 0 0
4362488311 0 0 0
4362488324 0 0 0
4362488337 0 0 0
4362488350 0 0 0
4362488363 0 0 0
4362488376 0 0 0
4362488389 0 0 0
4362488402 0 0 0
4362488415 0 0 0
4362488428 0 0 0
4362488441 0 0 0
4362488454 0 0 0
4362488467 0 0 0
4362488480 0 0 0
4362488493 0 0 0
4362488506 0 0 0
4362488519 0 0 0
4362488532 0 0 0
4362488545 0 0 0
4362488558 0 0 0
4362488571 0 0 0
4362488584 0 0 0
4362488597 0 0 0
4362488610 0 0 0
4362488623 0 0 0
4362488636 0 0 0
4362488649 0 0 0
4362488662 0 0 0
4362488675 0 0 0
4362488688 0 0 0
4362488701 0 0 0
4362488714 0 0 0
4362488727 0 0 0
4362488740 0 0 0
4362488753 0 0 0
4362488766 0 0 0
4362488779 0 0 0
4362488792 0 0 0
4362488805 0 0 0
4362488818 0 0 0
4362488831 0 0 0
4362488844 0 0 0
4362488857 0 0 0
4362488870 0 0 0
4362488883 0 0 0
4362488896 0 0 0
4362488909 0 0 0
4362488922 0 0 0
4362488935 0 0 0
4362488948 0 0 0
4362488961 0 0 0
4362488974 0 0 0
4362488987 0 0 0
4362489000 0 0 0
4362489013 0 0 0
4362489026 0 0 0
4362489039 0 0 0
4362489052 0 0 0
4362489065 0 0 0
4362489078 0 0 0
4362489091 0 0 0
4362489104 0 0 0
4362489117 0 0 0
4362489130 0 0 0
4362489143 0 0 0
4362489156 0 0 0
4362489169 0 0 0
4362489182 0 0 0
4362489195 0 0 0
4362489208 0 0 0
4362489221 0 0 0
4362489234 0 0 0
4362489247 0 0 0
4362489260 0 0 0
4362489273 0 0 0
4362489286 0 0 0
4362489299 0 0 0
4362489312 0 0 0
4362489325 0 0 0
4362489338 0 0 0
4362489351 0 0 0
4362489364 0 0 0
4362489377 0 0 0
4362489390 0 0 0
4362489403 0 0 0
4362489416 0 0 0
4362489429 0 0 0
4362489442 0 0 0
4362489455 0 0 0
4362489468 0 0 0
4362489481 0 0 0
4362489494 0 0 0
4362489507 0 0 0
4362489520 0 0 0
4362489533 0 0 0
4362489546 0 0 0
4362489559 0 0 0
4362489572 0 0 0
4362489585 0 0 0
4362489598 0 0 0
4362489611 0 0 0
4362489624 0 0 0
4362489637 0 0 0
4362489650 0 0 0
4362489663 0 0 0
4362489676 0 0 0
4362489689 0 0 0
4362489702 0 0 0
4362489715 0 0 0
4362489728 0 0 0
4362489741 0 0 0
4362489754 0 0 0
4362489767 0 0 0
4362489780 0 0 0
4362489793 0 0 0
4362489806 0 0 0
4362489819 0 0 0
4362489832 0 0 0
4362489845 0 0 0
4362489858 0 0 0
4362489871 0 0 0
4362489884 0 0 0
4362489897 0 0 0
4362489910 0 0 0
4362489923 0 0 0
4362489936 0 0 0
4362489949 0 0 0
4362489962 0 0 0
4362489975 0 0 0
4362489988 0 0 0
4362490001 0 0 0
4362490014 0 0 0
4362490027 0 0 0
4362490040 0 0 0
4362490053 0 0 0
4362490066 0 0 0
4362490079 0 0 0
4362490092 0 0 0
4362490105 0 0 0
4362490118 0 0 0
4362490131 0 0 0
4362490144 0 0 0
4362490157 0 0 0
4362490170 0 0 0
4362490183 0 0 0
4362490196 0 0 0
4362490209 0 0 0
4362490222 0 0 0
4362490235 0 0 0
4362490248 0 0 0
4362490261 0 0 0
4362490274 0 0 0
4362490287 0 0 0
4362490300 0 0 0
4362490313 0 0 0
4362490326 0 0 0
4362490339 0 0 0
4362490352 0 0 0
4362490365 0 0 0
4362490378 0 0 0
4362490391 0 0 0
4362490404 0 0 0
4362490417 0 0 0
4362490430 0 0 0
4362490443 0 0 0
4362490456 0 0 0
4362490469 0 0 0
4362490482 0 0 0
4362490495 0 0 0
4362490508 0 0 0
4362490521 0 0 0
4362490534 0 0 0
4362490547 0 0 0
4362490560 0 0 0
4362490573 0 0 0
4362490586 0 0 0
4362490599 0 0 0
4362490612 0 0 0
4362490625 0 0 0
4362490638 0 0 0
4362490651 0 0 0
4362490664 0 0 0
4362490677 0 0 0
4362490690 0 0 0
4362490703 0 0 0
4362490716 0 0 0
4362490729 0 0 0
4362490742 0 0 0
4362490755 0 0 0
4362490768 0 0 0
4362490781 0 0 0
4362490794 0 0 0
4362490807 0 0 0
4362490820 0 0 0
4362490833 0 0 0
4362490846 0 0 0
4362490859 0 0 0
4362490872 0 0 0
4362490885 0 0 0
4362490898 0 0 0
4362490911 0 0 0
4362490924 0 0 0
4362490937 0 0 0
4362490950 0 0 0
4362490963 0 0 0
4362490976 0 0 0
4362490989 0 0 0
4362491002 0 0 0
4362491015 0 0 0
4362491028 0 0 0
4362491041 0 0 0
4362491054 0 0 0
4362491067 0 0 0
4362491080 0 0 0
4362491093 0 0 0
4362491106 0 0 0
4362491119 0 0 0
4362491132 0 0 0
4362491145 0 0 0
4362491158 0 0 0
4362491171 0 0 0
4362491184 0 0 0
4362491197 0 0 0
4362491210 0 0 0
4362491223 0 0 0
4362491236 0 0 0
4362491249 0 0 0
4362491262 0 0 0
4362491275 0 0 0
4362491288 0 0 0
4362491301 0 0 0
4362491314 0 0 0
4362491327 0 0 0
4362491340 0 0 0
4362491353 0 0 0
4362491366 0 0 0
4362491379 0 0 0
4362491392 0 0 0
4362491405 0 0 0
4362491418 0 0 0
4362491431 0 0 0
4362491444 0 0 0
4362491457 0 0 0
4362491470 0 0 0
4362491483 0 0 0
4362491496 0 0 0
4362491509 0 0 0
4362491522 0 0 0
4362491535 0 0 0
4362491548 0 0 0
4362491561 0 0 0
4362491574 0 0 0
4362491587 0 0 0
4362491600 0 0 0
4362491613 0 0 0
4362491626 0 0 0
4362491639 0 0 0
4362491652 0 0 0
4362491665 0 0 0
4362491678 0 0 0
4362491691 0 0 0
4362491704 0 0 0
4362491717 0 0 0
4362491730 0 0 0
4362491743 0 0 0
4362491756 0 0 0
4362491769 0 0 0
4362491782 0 0 0
4362491795 0 0 0
4362491808 0 0 0
4362491821 0 0 0
4362491834 0 0 0
4362491847 0 0 0
4362491860 0 0 0
4362491873 0 0 0
4362491886 0 0 0
4362491899 0 0 0
4362491912 0 0 0
4362491925 0 0 0
4362491938 0 0 0
4362491951 0 0 0
4362491964 0 0 0
4362491977 0 0 0
4362491990 0 0 0
4362492003 0 0 0
4362492016 0 0 0
4362492029 0 0 0
4362492042 0 0 0
4362492055 0 0 0
4362492068 0 0 0
4362492081 0 0 0
4362492094 0 0 0
4362492107 0 0 0
4362492120 0 0 0
4362492133 0 0 0
4362492146 0 0 0
4362492159 0 0 0
4362492172 0 0 0
4362492185 0 0 0
4362492198 0 0 0
4362492211 0 0 0
4362492224 0 0 0
4362492237 0 0 0
4362492250 0 0 0
4362492263 0 0 0
4362492276 0 0 0
4362492289 0 0 0
4362492302 0 0 0
4362492315 0 0 0
4362492328 0 0 0
4362492341 0 0 0
4362492354 0 0 0
4362492367 0 0 0
4362492380 0 0 0
4362492393 0 0 0
4362492406 0 0 0
4362492419 0 0 0
4362492432 0 0 0
4362492445 0 0 0
4362492458 0 0 0
4362492471 0 0 0
4362492484 0 0 0
4362492497 0 0 0
4362492510 0 0 0
4362492523 0 0 0
4362492536 0 0 0
4362492549 0 0 0
4362492562 0 0 0
4362492575 0 0 0
4362492588 0 0 0
4362492601 0 0 0
4362492614 0 0 0
4362492627 0 0 0
4362492640 0 0 0
4362492653 0 0 0
4362492666 0 0 0
4362492679 0 0 0
4362492692 0 0 0
4362492705 0 0 0
4362492718 0 0 0
4362492731 0 0 0
4362492744 0 0 0
4362492757 0 0 0
4362492770 0 0 0
4362492783 0 0 0
4362492796 0 0 0
4362492809 0 0 0
4362492822 0 0 0
4362492835 0 0 0
4362492848 0 0 0
4362492861 0 0 0
4362492874 0 0 0
4362492887 0 0 0
4362492900 0 0 0
4362492913 0 0 0
4362492926 0 0 0
4362492939 0 0 0
4362492952 0 0 0
4362492965 0 0 0
4362492978 0 0 0
4362492991 0 0 0
4362493004 0 0 0
4362493017 0 0 0
4362493030 0 0 0
4362493043 0 0 0
4362493056 0 0 0
4362493069 0 0 0
4362493082 0 0 0
4362493095 0 0 0
4362493108 0 0 0
4362493121 0 0 0
4362493134 0 0 0
4362493147 0 0 0
4362493160 0 0 0
4362493173 0 0 0
4362493186 0 0 0
4362493199 0 0 0
4362493212 0 0 0
4362493225 0 0 0
4362493238 0 0 0
4362493251 0 0 0
4362493264 0 0 0
4362493277 0 0 0
4362493290 0 0 0
4362493303 0 0 0
4362493316 0 0 0
4362493329 0 0 0
4362493342 0 0 0
4362493355 0 0 0
4362493368 0 0 0
4362493381 0 0 0
4362493394 0 0 0
4362493407 0 0 0
4362493420 0 0 0
4362493433 0 0 0
4362493446 0 0 0
4362493459 0 0 0
4362493472 0 0 0
4362493485 0 0 0
4362493498 0 0 0
4362493511 0 0 0
4362493524 0 0 0
4362493537 0 0 0
4362493550 0 0 0
4362493563 0 0 0
4362493576 0 0 0
4362493589 0 0 0
4362493602 0 0 0
4362493615 0 0 0
4362493628 0 0 0
4362493641 0 0 0
4362493654 0 0 0
4362493667 0 0 0
4362493680 0 0 0
4362493693 0 0 0
4362493706 0 0 0
4362493719 0 0 0
4362493732 0 0 0
4362493745 0 0 0
4362493758 0 0 0
4362493771 0 0 0
4362493784 0 0 0
4362493797 0 0 0
4362493810 0 0 0
4362493823 0 0 0
4362493836 0 0 0
4362493849 0 0 0
4362493862 0 0 0
4362493875 0 0 0
4362493888 0 0 0
4362493901 0 0 0
4362493914 0 0 0
4362493927 0 0 0
4362493940 0 0 0
4362493953 0 0 0
4362493966 0 0 0
4362493979 0 0 0
4362493992 0 0 0
4362494005 0 0 0
4362494018 0 0 0
4362494031 0 0 0
4362494044 0 0 0
4362494057 0 0 0
4362494070 0 0 0
4362494083 0 0 0
4362494096 0 0 0
4362494109 0 0 0
4362494122 0 0 0
4362494135 0 0 0
4362494148 0 0 0
4362494161 0 0 0
4362494174 0 0 0
4362494187 0 0 0
4362494200 0 0 0
4362494213 0 0 0
4362494226 0 0 0
4362494239 0 0 0
4362494252 0 0 0
4362494265 0 0 0
4362494278 0 0 0
4362494291 0 0 0
4362494304 0 0 0
4362494317 0 0 0
4362494330 0 0 0
4362494343 0 0 0
4362494356 0 0 0
4362494369 0 0 0
4362494382 0 0 0
4362494395 0 0 0
4362494408 0 0 0
4362494421 0 0 0
4362494434 0 0 0
4362494447 0 0 0
4362494460 0 0 0
4362494473 0 0 0
4362494486 0 0 0
4362494499 0 0 0
4362494512 0 0 0
4362494525 0 0 0
4362494538 0 0 0
4362494551 0 0 0
4362494564 0 0 0
4362494577 0 0 0
4362494590 0 0 0
4362494603 0 0 0
4362494616 0 0 0
4362494629 0 0 0
4362494642 0 0 0
4362494655 0 0 0
4362494668 0 0 0
4362494681 0 0 0
4362494694 0 0 0
4362494707 0 0 0
4362494720 0 0 0
4362494733 0 0 0
4362494746 0 0 0
4362494759 0 0 0
4362494772 0 0 0
4362494785 0 0 0
4362494798 0 0 0
4362494811 0 0 0
4362494824 0 0 0
4362494837 0 0 0
4362494850 0 0 0
4362494863 0 0 0
4362494876 0 0 0
4362494889 0 0 0
4362494902 0 0 0
4362494915 0 0 0
4362494928 0 0 0
4362494941 0 0 0
4362494954 0 0 0
4362494967 0 0 0
4362494980 0 0 0
4362494993 0 0 0
4362495006 0 0 0
4362495019 0 0 0
4362495032 0 0 0
4362495045 0 0 0
4362495058 0 0 0
4362495071 0 0 0
4362495084 0 0 0
4362495097 0 0 0
4362495110 0 0 0
4362495123 0 0 0
4362495136 0 0 0
4362495149 0 0 0
4362495162 0 0 0
4362495175 0 0 0
4362495188 0 0 0
4362495201 0 0 0
4362495214 0 0 0
4362495227 0 0 0
4362495240 0 0 0
4362495253 0 0 0
4362495266 0 0 0
4362495279 0 0 0
4362495292 0 0 0
4362495305 0 0 0
4362495318 0 0 0
4362495331 0 0 0
4362495344 0 0 0
4362495357 0 0 0
4362495370 0 0 0
4362495383 0 0 0
4362495396 0 0 0
4362495409 0 0 0
4362495422 0 0 0
4362495435 0 0 0
4362495448 0 0 0
4362495461 0 0 0
4362495474 0 0 0
4362495487 0 0 0
4362495500 0 0 0
4362495513 0 0 0
4362495526 0 0 0
4362495539 0 0 0
4362495552 0 0 0
4362495565 0 0 0
4362495578 0 0 0
4362495591 0 0 0
4362495604 0 0 0
4362495617 0 0 0
4362495630 0 0 0
4362495643 0 0 0
4362495656 0 0 0
4362495669 0 0 0
4362495682 0 0 0
4362495695 0 0 0
4362495708 0 0 0
4362495721 0 0 0
4362495734 0 0 0
4362495747 0 0 0
4362495760 0 0 0
4362495773 0 0 0
4362495786 0 0 0
4362495799 0 0 0
4362495812 0 0 0
4362495825 0 0 0
4362495838 0 0 0
4362495851 0 0 0
4362495864 0 0 0
4362495877 0 0 0
4362495890 0 0 0
4362495903 0 0 0
4362495916 0 0 0
4362495929 0 0 0
4362495942 0 0 0
4362495955 0 0 0
4362495968 0 0 0
4362495981 0 0 0
4362495994 0 0 0
4362496007 0 0 0
4362496020 0 0 0
4362496033 0 0 0
4362496046 0 0 0
4362496059 0 0 0
4362496072 0 0 0
4362496085 0 0 0
4362496098 0 0 0
4362496111 72311 0 32
4362496124 50212 0 17
4362496137 0 0 0
4362496150 0 0 0
4362496163 0 0 0
4362496176 0 0 0
4362496189 0 0 0
4362496202 0 0 0
4362496215 0 0 0
4362496228 0 0 0
4362496241 0 0 0
4362496254 0 0 0
4362496267 0 0 0
4362496280 0 0 0
4362496293 0 0 0
4362496306 0 0 0
4362496319 0 0 0
4362496332 0 0 0
4362496345 0 0 0
4362496358 0 0 0
4362496371 89695 0 36
4362496384 6830 0 2
4362496397 0 0 0
4362496410 0 0 0
4362496423 0 0 0
4362496436 0 0 0
4362496449 0 0 0
4362496462 0 0 0
4362496475 0 0 0
4362496488 0 0 0
4362496501 0 0 0
4362496514 0 0 0
4362496527 0 0 0
4362496540 0 0 0
4362496553 0 0 0
4362496566 0 0 0
4362496579 0 0 0
4362496592 0 0 0
4362496605 0 0 0
4362496618 19606 0 9
4362496631 59005 0 23
4362496644 0 0 0
4362496657 0 0 0
4362496670 0 0 0
4362496683 0 0 0
4362496696 0 0 0
4362496709 0 0 0
4362496722 0 0 0
4362496735 0 0 0
4362496748 0 0 0
4362496761 0 0 0
4362496774 0 0 0
4362496787 0 0 0
4362496800 0 0 0
4362496813 0 0 0
4362496826 0 0 0
4362496839 0 0 0
4362496852 0 0 0
4362496865 0 0 0
4362496878 45449 0 19
4362496891 20266 0 8
4362496904 0 0 0
4362496917 0 0 0
4362496930 0 0 0
4362496943 0 0 0
4362496956 0 0 0
4362496969 0 0 0
4362496982 0 0 0
4362496995 0 0 0
4362497008 0 0 0
4362497021 0 0 0
4362497034 0 0 0
4362497047 0 0 0
4362497060 0 0 0
4362497073 0 0 0
4362497086 0 0 0
4362497099 0 0 0
4362497112 0 0 0
4362497125 20500 0 8
4362497138 32800 0 13
4362497151 0 0 0
4362497164 0 0 0
4362497177 0 0 0
4362497190 0 0 0
4362497203 0 0 0
4362497216 0 0 0
4362497229 0 0 0
4362497242 0 0 0
4362497255 0 0 0
4362497268 0 0 0
4362497281 0 0 0
4362497294 0 0 0
4362497307 0 0 0
4362497320 0 0 0
4362497333 0 0 0
4362497346 0 0 0
4362497359 0 0 0
4362497372 6812 0 5
4362497385 25652 0 10
4362497398 12230 0 4
4362497411 0 0 0
4362497424 0 0 0
4362497437 0 0 0
4362497450 0 0 0
4362497463 0 0 0
4362497476 0 0 0
4362497489 0 0 0
4362497502 0 0 0
4362497515 0 0 0
4362497528 0 0 0
4362497541 0 0 0
4362497554 0 0 0
4362497567 0 0 0
4362497580 0 0 0
4362497593 0 0 0
4362497606 0 0 0
4362497619 0 0 0
4362497632 14210 0 6
4362497645 22281 0 9
4362497658 0 0 0
4362497671 0 0 0
4362497684 0 0 0
4362497697 0 0 0
4362497710 0 0 0
4362497723 0 0 0
4362497736 0 0 0
4362497749 0 0 0
4362497762 0 0 0
4362497775 0 0 0
4362497788 0 0 0
4362497801 0 0 0
4362497814 0 0 0
4362497827 0 0 0
4362497840 0 0 0
4362497853 0 0 0
4362497866 0 0 0
4362497879 11575 0 5
4362497892 18520 0 10
4362497905 0 0 0
4362497918 0 0 0
4362497931 0 0 0
4362497944 0 0 0
4362497957 0 0 0
4362497970 0 0 0
4362497983 0 0 0
4362497996 0 0 0
4362498009 0 0 0
4362498022 0 0 0
4362498035 0 0 0
4362498048 0 0 0
4362498061 0 0 0
4362498074 0 0 0
4362498087 0 0 0
4362498100 0 0 0
4362498113 0 0 0
4362498126 4791 0 3
4362498139 12183 0 7
4362498152 7388 0 3
4362498165 0 0 0
4362498178 0 0 0
4362498191 0 0 0
4362498204 0 0 0
4362498217 0 0 0
4362498230 0 0 0
4362498243 0 0 0
4362498256 0 0 0
4362498269 0 0 0
4362498282 0 0 0
4362498295 0 0 0
4362498308 0 0 0
4362498321 0 0 0
4362498334 0 0 0
4362498347 0 0 0
4362498360 0 0 0
4362498373 0 0 0
4362498386 9591 0 6
4362498399 11235 0 4
4362498412 0 0 0
4362498425 0 0 0
4362498438 0 0 0
4362498451 0 0 0
4362498464 0 0 0
4362498477 0 0 0
4362498490 0 0 0
4362498503 0 0 0
4362498516 0 0 0
4362498529 0 0 0
4362498542 0 0 0
4362498555 0 0 0
4362498568 0 0 0
4362498581 0 0 0
4362498594 0 0 0
4362498607 0 0 0
4362498620 0 0 0
4362498633 6260 0 4
4362498646 10016 0 6
4362498659 0 0 0
4362498672 0 0 0
4362498685 0 0 0
4362498698 0 0 0
4362498711 0 0 0
4362498724 0 0 0
4362498737 0 0 0
4362498750 0 0 0
4362498763 0 0 0
4362498776 0 0 0
4362498789 0 0 0
4362498802 0 0 0
4362498815 0 0 0
4362498828 0 0 0
4362498841 0 0 0
4362498854 0 0 0
4362498867 0 0 0
4362498880 2946 0 2
4362498893 9254 0 8
4362498906 566 0 0
4362498919 0 0 0
4362498932 0 0 0
4362498945 0 0 0
4362498958 0 0 0
4362498971 0 0 0
4362498984 0 0 0
4362498997 0 0 0
4362499010 0 0 0
4362499023 0 0 0
4362499036 0 0 0
4362499049 0 0 0
4362499062 0 0 0
4362499075 0 0 0
4362499088 0 0 0
4362499101 0 0 0
4362499114 0 0 0
4362499127 0 0 0
4362499140 7176 0 3
4362499153 4485 0 4
4362499166 0 0 0
4362499179 0 0 0
4362499192 0 0 0
4362499205 0 0 0
4362499218 0 0 0
4362499231 0 0 0
4362499244 0 0 0
4362499257 0 0 0
4362499270 0 0 0
4362499283 0 0 0
4362499296 0 0 0
4362499309 0 0 0
4362499322 0 0 0
4362499335 0 0 0
4362499348 0 0 0
4362499361 0 0 0
4362499374 0 0 0
4362499387 3605 0 4
4362499400 5768 0 4
4362499413 0 0 0
4362499426 0 0 0
4362499439 0 0 0
4362499452 0 0 0
4362499465 0 0 0
4362499478 0 0 0
4362499491 0 0 0
4362499504 0 0 0
4362499517 0 0 0
4362499530 0 0 0
4362499543 0 0 0
4362499556 0 0 0
4362499569 0 0 0
4362499582 0 0 0
4362499595 0 0 0
4362499608 0 0 0
4362499621 0 0 0
4362499634 3105 0 2
4362499647 4968 0 5
4362499660 0 0 0
4362499673 0 0 0
4362499686 0 0 0
4362499699 0 0 0
4362499712 0 0 0
4362499725 0 0 0
4362499738 0 0 0
4362499751 0 0 0
4362499764 0 0 0
4362499777 0 0 0
4362499790 0 0 0
4362499803 0 0 0
4362499816 0 0 0
4362499829 0 0 0
4362499842 0 0 0
4362499855 0 0 0
4362499868 0 0 0
4362499881 1335 0 1
4362499894 2994 0 4
4362499907 1924 0 1
4362499920 0 0 0
4362499933 0 0 0
4362499946 0 0 0
4362499959 0 0 0
4362499972 0 0 0
4362499985 0 0 0
4362499998 0 0 0
4362500011 0 0 0
4362500024 0 0 0
4362500037 0 0 0
4362500050 0 0 0
4362500063 0 0 0
4362500076 0 0 0
4362500089 0 0 0
4362500102 0 0 0
4362500115 0 0 0
4362500128 0 0 0
4362500141 2773 0 4
4362500154 2401 0 3
4362500167 0 0 0
4362500180 0 0 0
4362500193 0 0 0
4362500206 0 0 0
4362500219 0 0 0
4362500232 0 0 0
4362500245 0 0 0
4362500258 0 0 0
4362500271 0 0 0
4362500284 0 0 0
4362500297 0 0 0
4362500310 0 0 0
4362500323 0 0 0
4362500336 0 0 0
4362500349 0 0 0
4362500362 0 0 0
4362500375 0 0 0
4362500388 1735 0 3
4362500401 2776 0 2
4362500414 0 0 0
4362500427 0 0 0
4362500440 0 0 0
4362500453 0 0 0
4362500466 0 0 0
4362500479 0 0 0
4362500492 0 0 0
4362500505 0 0 0
4362500518 0 0 0
4362500531 0 0 0
4362500544 0 0 0
4362500557 0 0 0
4362500570 0 0 0
4362500583 0 0 0
4362500596 0 0 0
4362500609 0 0 0
4362500622 0 0 0
4362500635 1245 0 1
4362500648 1992 0 2
4362500661 0 0 0
4362500674 0 0 0
4362500687 0 0 0
4362500700 0 0 0
4362500713 0 0 0
4362500726 0 0 0
4362500739 0 0 0
4362500752 0 0 0
4362500765 0 0 0
4362500778 0 0 0
4362500791 0 0 0
4362500804 0 0 0
4362500817 0 0 0
4362500830 0 0 0
4362500843 0 0 0
4362500856 0 0 0
4362500869 0 0 0
4362500882 474 0 0
4362500895 1455 0 6
4362500908 1152 0 2
4362500921 0 0 0
4362500934 0 0 0
4362500947 0 0 0
4362500960 0 0 0
4362500973 0 0 0
4362500986 0 0 0
4362500999 0 0 0
4362501012 0 0 0
4362501025 0 0 0
4362501038 0 0 0
4362501051 0 0 0
4362501064 0 0 0
4362501077 0 0 0
4362501090 0 0 0
4362501103 0 0 0
4362501116 0 0 0
4362501129 0 0 0
4362501142 0 0 1
4362501155 0 0 8
4362501168 0 0 0
4362501181 0 0 0
4362501194 0 0 0
4362501207 0 0 0
4362501220 0 0 0
4362501233 0 0 0
4362501246 0 0 0
4362501259 0 0 0
4362501272 0 0 0
4362501285 0 0 0
4362501298 0 0 0
4362501311 0 0 0
4362501324 0 0 0
4362501337 0 0 0
4362501350 0 0 0
4362501363 0 0 0
4362501376 0 0 0
4362501389 0 0 0
4362501402 0 0 0
4362501415 0 0 0
4362501428 0 0 0
4362501441 0 0 0
4362501454 0 0 0
4362501467 0 0 0
4362501480 0 0 0
4362501493 0 0 0
4362501506 0 0 0
4362501519 0 0 0
4362501532 0 0 0
4362501545 0 0 0
4362501558 0 0 0
4362501571 0 0 0
4362501584 0 0 0
4362501597 0 0 0
4362501610 0 0 0
4362501623 0 0 0
4362501636 0 0 0
4362501649 0 0 0
4362501662 0 0 0
4362501675 0 0 0
4362501688 0 0 0
4362501701 0 0 0
4362501714 0 0 0
4362501727 0 0 0
4362501740 0 0 0
4362501753 0 0 0
4362501766 0 0 0
4362501779 0 0 0
4362501792 0 0 0
4362501805 0 0 0
4362501818 0 0 0
4362501831 0 0 0
4362501844 0 0 0
4362501857 0 0 0
4362501870 0 0 0
4362501883 0 0 0
4362501896 0 0 0
4362501909 0 0 0
4362501922 0 0 0
4362501935 0 0 0
4362501948 0 0 0
4362501961 0 0 0
4362501974 0 0 0
4362501987 0 0 0
4362502000 0 0 0
4362502013 0 0 0
4362502026 0 0 0
4362502039 0 0 0
4362502052 0 0 0
4362502065 0 0 0
4362502078 0 0 0
4362502091 0 0 0
4362502104 0 0 0
4362502117 0 0 0
4362502130 0 0 0
4362502143 0 0 0
4362502156 0 0 0
4362502169 0 0 0
4362502182 0 0 0
4362502195 0 0 0
4362502208 0 0 0
4362502221 0 0 0
4362502234 0 0 0
4362502247 0 0 0
4362502260 0 0 0
4362502273 0 0 0
4362502286 0 0 0
4362502299 0 0 0
4362502312 0 0 0
4362502325 0 0 0
4362502338 0 0 0
4362502351 0 0 0
4362502364 0 0 0
4362502377 0 0 0
4362502390 0 0 0
4362502403 0 0 0
4362502416 0 0 0
4362502429 0 0 0
4362502442 0 0 0
4362502455 0 0 0
4362502468 0 0 0
4362502481 0 0 0
4362502494 0 0 0
4362502507 0 0 0
4362502520 0 0 0
4362502533 0 0 0
4362502546 0 0 0
4362502559 0 0 0
4362502572 0 0 0
4362502585 0 0 0
4362502598 0 0 0
4362502611 0 0 0
4362502624 0 0 0
4362502637 0 0 0
4362502650 0 0 0
4362502663 0 0 0
4362502676 0 0 0
4362502689 0 0 0
4362502702 0 0 0
4362502715 0 0 0
4362502728 0 0 0
4362502741 0 0 0
4362502754 0 0 0
4362502767 0 0 0
4362502780 0 0 0
4362502793 0 0 0
4362502806 0 0 0
4362502819 0 0 0
4362502832 0 0 0
4362502845 0 0 0
4362502858 0 0 0
4362502871 0 0 0
4362502884 0 0 0
4362502897 0 0 0
4362502910 0 0 0
4362502923 0 0 0
4362502936 0 0 0
4362502949 0 0 0
4362502962 0 0 0
4362502975 0 0 0
4362502988 0 0 0
4362503001 0 0 0
4362503014 0 0 0
4362503027 0 0 0
4362503040 0 0 0
4362503053 0 0 0
4362503066 0 0 0
4362503079 0 0 0
4362503092 0 0 0
4362503105 0 0 0
4362503118 0 0 0
4362503131 0 0 0
4362503144 0 0 0
4362503157 0 0 0
4362503170 0 0 0
4362503183 0 0 0
4362503196 0 0 0
4362503209 0 0 0
4362503222 0 0 0
4362503235 0 0 0
4362503248 0 0 0
4362503261 0 0 0
4362503274 0 0 0
4362503287 0 0 0
4362503300 0 0 0
4362503313 0 0 0
4362503326 0 0 0
4362503339 0 0 0
4362503352 0 0 0
4362503365 0 0 0
4362503378 0 0 0
4362503391 0 0 0
4362503404 0 0 0
4362503417 0 0 0
4362503430 0 0 0
4362503443 0 0 0
4362503456 0 0 0
4362503469 0 0 0
4362503482 0 0 0
4362503495 0 0 0
4362503508 0 0 0
4362503521 0 0 0
4362503534 0 0 0
4362503547 0 0 0
4362503560 0 0 0
4362503573 0 0 0
4362503586 0 0 0
4362503599 0 0 0
4362503612 0 0 0
4362503625 0 0 0
4362503638 0 0 0
4362503651 0 0 0
4362503664 0 0 0
4362503677 0 0 0
4362503690 0 0 0
4362503703 0 0 0
4362503716 0 0 0
4362503729 0 0 0
4362503742 0 0 0
4362503755 0 0 0
4362503768 0 0 0
4362503781 0 0 0
4362503794 0 0 0
4362503807 0 0 0
4362503820 0 0 0
4362503833 0 0 0
4362503846 0 0 0
4362503859 0 0 0
4362503872 0 0 0
4362503885 0 0 0
4362503898 0 0 0
4362503911 0 0 0
4362503924 0 0 0
4362503937 0 0 0
4362503950 0 0 0
4362503963 0 0 0
4362503976 0 0 0
4362503989 0 0 0
4362504002 0 0 0
4362504015 0 0 0
4362504028 0 0 0
4362504041 0 0 0
4362504054 0 0 0
4362504067 0 0 0
4362504080 0 0 0
4362504093 0 0 0
4362504106 0 0 0
4362504119 0 0 0
4362504132 0 0 0
4362504145 0 0 0
4362504158 0 0 0
4362504171 0 0 0
4362504184 0 0 0
4362504197 0 0 0
4362504210 0 0 0
4362504223 0 0 0
4362504236 0 0 0
4362504249 0 0 0
4362504262 0 0 0
4362504275 0 0 0
4362504288 0 0 0
4362504301 0 0 0
4362504314 0 0 0
4362504327 0 0 0
4362504340 0 0 0
4362504353 0 0 0
4362504366 0 0 0
4362504379 0 0 0
4362504392 0 0 0
4362504405 0 0 0
4362504418 0 0 0
4362504431 0 0 0
4362504444 0 0 0
4362504457 0 0 0
4362504470 0 0 0
4362504483 0 0 0
4362504496 0 0 0
4362504509 0 0 0
4362504522 0 0 0
4362504535 0 0 0
4362504548 0 0 0
4362504561 0 0 0
4362504574 0 0 0
4362504587 0 0 0
4362504600 0 0 0
4362504613 0 0 0
4362504626 0 0 0
4362504639 0 0 0
4362504652 0 0 0
4362504665 0 0 0
4362504678 0 0 0
4362504691 0 0 0
4362504704 0 0 0
4362504717 0 0 0
4362504730 0 0 0
4362504743 0 0 0
4362504756 0 0 0
4362504769 0 0 0
4362504782 0 0 0
4362504795 0 0 0
4362504808 0 0 0
4362504821 0 0 0
4362504834 0 0 0
4362504847 0 0 0
4362504860 0 0 0
4362504873 0 0 0
4362504886 0 0 0
4362504899 0 0 0
4362504912 0 0 0
4362504925 0 0 0
4362504938 0 0 0
4362504951 0 0 0
4362504964 0 0 0
4362504977 0 0 0
4362504990 0 0 0
4362505003 0 0 0
4362505016 0 0 0
4362505029 0 0 0
4362505042 0 0 0
4362505055 0 0 0
4362505068 0 0 0
4362505081 0 0 0
4362505094 0 0 0
4362505107 0 0 0
4362505120 0 0 0
4362505133 0 0 0
4362505146 0 0 0
4362505159 0 0 0
4362505172 0 0 0
4362505185 0 0 0
4362505198 0 0 0
4362505211 0 0 0
4362505224 0 0 0
4362505237 0 0 0
4362505250 0 0 0
4362505263 0 0 0
4362505276 0 0 0
4362505289 0 0 0
4362505302 0 0 0
4362505315 0 0 0
4362505328 0 0 0
4362505341 0 0 0
4362505354 0 0 0
4362505367 0 0 0
4362505380 0 0 0
4362505393 0 0 0
4362505406 0 0 0
4362505419 0 0 0
4362505432 0 0 0
4362505445 0 0 0
4362505458 0 0 0
4362505471 0 0 0
4362505484 0 0 0
4362505497 0 0 0
4362505510 0 0 0
4362505523 0 0 0
4362505536 0 0 0
4362505549 0 0 0
4362505562 0 0 0
4362505575 0 0 0
4362505588 0 0 0
4362505601 0 0 0
4362505614 0 0 0
4362505627 0 0 0
4362505640 0 0 0
4362505653 0 0 0
4362505666 0 0 0
4362505679 0 0 0
4362505692 0 0 0
4362505705 0 0 0
4362505718 0 0 0
4362505731 0 0 0
4362505744 0 0 0
4362505757 0 0 0
4362505770 0 0 0
4362505783 0 0 0
4362505796 0 0 0
4362505809 0 0 0
4362505822 0 0 0
4362505835 0 0 0
4362505848 0 0 0
4362505861 0 0 0
4362505874 0 0 0
4362505887 0 0 0
4362505900 0 0 0
4362505913 0 0 0
4362505926 0 0 0
4362505939 0 0 0
4362505952 0 0 0
4362505965 0 0 0
4362505978 0 0 0
4362505991 0 0 0
4362506004 0 0 0
4362506017 0 0 0
4362506030 0 0 0
4362506043 0 0 0
4362506056 0 0 0
4362506069 0 0 0
4362506082 0 0 0
4362506095 0 0 0
4362506108 0 0 0
4362506121 0 0 0
4362506134 0 0 0
4362506147 0 0 0
4362506160 0 0 0
4362506173 0 0 0
4362506186 0 0 0
4362506199 0 0 0
4362506212 0 0 0
4362506225 0 0 0
4362506238 0 0 0
4362506251 0 0 0
4362506264 0 0 0
4362506277 0 0 0
4362506290 0 0 0
4362506303 0 0 0
4362506316 0 0 0
4362506329 0 0 0
4362506342 0 0 0
4362506355 0 0 0
4362506368 0 0 0
4362506381 0 0 0
4362506394 0 0 0
4362506407 0 0 0
4362506420 0 0 0
4362506433 0 0 0
4362506446 0 0 0
4362506459 0 0 0
4362506472 0 0 0
4362506485 0 0 0
4362506498 0 0 0
4362506511 0 0 0
4362506524 0 0 0
4362506537 0 0 0
4362506550 0 0 0
4362506563 0 0 0
4362506576 0 0 0
4362506589 0 0 0
4362506602 0 0 0
4362506615 0 0 0
4362506628 0 0 0
4362506641 0 0 0
4362506654 0 0 0
4362506667 0 0 0
4362506680 0 0 0
4362506693 0 0 0
4362506706 0 0 0
4362506719 0 0 0
4362506732 0 0 0
4362506745 0 0 0
4362506758 0 0 0
4362506771 0 0 0
4362506784 0 0 0
4362506797 0 0 0
4362506810 0 0 0
4362506823 0 0 0
4362506836 0 0 0
4362506849 0 0 0
4362506862 0 0 0
4362506875 0 0 0
4362506888 0 0 0
4362506901 0 0 0
4362506914 0 0 0
4362506927 0 0 0
4362506940 0 0 0
4362506953 0 0 0
4362506966 0 0 0
4362506979 0 0 0
4362506992 0 0 0
4362507005 0 0 0
4362507018 0 0 0
4362507031 0 0 0
4362507044 0 0 0
4362507057 0 0 0
4362507070 0 0 0
4362507083 0 0 0
4362507096 0 0 0
4362507109 0 0 0
4362507122 0 0 0
4362507135 0 0 0
4362507148 0 0 0
4362507161 0 0 0
4362507174 0 0 0
4362507187 0 0 0
4362507200 0 0 0
4362507213 0 0 0
4362507226 0 0 0
4362507239 0 0 0
4362507252 0 0 0
4362507265 0 0 0
4362507278 0 0 0
4362507291 0 0 0
4362507304 0 0 0
4362507317 0 0 0
4362507330 0 0 0
4362507343 0 0 0
4362507356 0 0 0
4362507369 0 0 0
4362507382 0 0 0
4362507395 0 0 0
4362507408 0 0 0
4362507421 0 0 0
4362507434 0 0 0
4362507447 0 0 0
4362507460 0 0 0
4362507473 0 0 0
4362507486 0 0 0
4362507499 0 0 0
4362507512 0 0 0
4362507525 0 0 0
4362507538 0 0 0
4362507551 0 0 0
4362507564 0 0 0
4362507577 0 0 0
4362507590 0 0 0
4362507603 0 0 0
4362507616 0 0 0
4362507629 0 0 0
4362507642 0 0 0
4362507655 0 0 0
4362507668 0 0 0
4362507681 0 0 0
4362507694 0 0 0
4362507707 0 0 0
4362507720 0 0 0
4362507733 0 0 0
4362507746 0 0 0
4362507759 0 0 0
4362507772 0 0 0
4362507785 0 0 0
4362507798 0 0 0
4362507811 0 0 0
4362507824 0 0 0
4362507837 0 0 0
4362507850 0 0 0
4362507863 0 0 0
4362507876 0 0 0
4362507889 0 0 0
4362507902 0 0 0
4362507915 0 0 0
4362507928 0 0 0
4362507941 0 0 0
4362507954 0 0 0
4362507967 0 0 0
4362507980 0 0 0
4362507993 0 0 0
4362508006 0 0 0
4362508019 0 0 0
4362508032 0 0 0
4362508045 0 0 0
4362508058 0 0 0
4362508071 0 0 0
4362508084 0 0 0
4362508097 0 0 0
4362508110 0 0 0
4362508123 0 0 0
4362508136 0 0 0
4362508149 0 0 0
4362508162 0 0 0
4362508175 0 0 0
4362508188 0 0 0
4362508201 0 0 0
4362508214 0 0 0
4362508227 0 0 0
4362508240 0 0 0
4362508253 0 0 0
4362508266 0 0 0
4362508279 0 0 0
4362508292 0 0 0
4362508305 0 0 0
4362508318 0 0 0
4362508331 0 0 0
4362508344 0 0 0
4362508357 0 0 0
4362508370 0 0 0
4362508383 0 0 0
4362508396 0 0 0
4362508409 0 0 0
4362508422 0 0 0
4362508435 0 0 0
4362508448 0 0 0
4362508461 0 0 0
4362508474 0 0 0
4362508487 0 0 0
4362508500 0 0 0
4362508513 0 0 0
4362508526 0 0 0
4362508539 0 0 0
4362508552 0 0 0
4362508565 0 0 0
4362508578 0 0 0
4362508591 0 0 0
4362508604 0 0 0
4362508617 0 0 0
4362508630 0 0 0
4362508643 0 0 0
4362508656 0 0 0
4362508669 0 0 0
4362508682 0 0 0
4362508695 0 0 0
4362508708 0 0 0
4362508721 0 0 0
4362508734 0 0 0
4362508747 0 0 0
4362508760 0 0 0
4362508773 0 0 0
4362508786 0 0 0
4362508799 0 0 0
4362508812 0 0 0
4362508825 0 0 0
4362508838 0 0 0
4362508851 0 0 0
4362508864 0 0 0
4362508877 0 0 0
4362508890 0 0 0
4362508903 0 0 0
4362508916 0 0 0
4362508929 0 0 0
4362508942 0 0 0
4362508955 0 0 0
4362508968 0 0 0
4362508981 0 0 0
4362508994 0 0 0
4362509007 0 0 0
4362509020 0 0 0
4362509033 0 0 0
4362509046 0 0 0
4362509059 0 0 0
4362509072 0 0 0
4362509085 0 0 0
4362509098 0 0 0
4362509111 0 0 0
4362509124 0 0 0
4362509137 0 0 0
4362509150 0 0 0
4362509163 0 0 0
4362509176 0 0 0
4362509189 0 0 0
4362509202 0 0 0
4362509215 0 0 0
4362509228 0 0 0
4362509241 0 0 0
4362509254 0 0 0
4362509267 0 0 0
4362509280 0 0 0
4362509293 0 0 0
4362509306 0 0 0
4362509319 0 0 0
4362509332 0 0 0
4362509345 0 0 0
4362509358 0 0 0
4362509371 0 0 0
4362509384 0 0 0
4362509397 0 0 0
4362509410 0 0 0
4362509423 0 0 0
4362509436 0 0 0
4362509449 0 0 0
4362509462 0 0 0
4362509475 0 0 0
4362509488 0 0 0
4362509501 0 0 0
4362509514 0 0 0
4362509527 0 0 0
4362509540 0 0 0
4362509553 0 0 0
4362509566 0 0 0
4362509579 0 0 0
4362509592 0 0 0
4362509605 0 0 0
4362509618 0 0 0
4362509631 0 0 0
4362509644 0 0 0
4362509657 0 0 0
4362509670 0 0 0
4362509683 0 0 0
4362509696 0 0 0
4362509709 0 0 0
4362509722 0 0 0
4362509735 0 0 0
4362509748 0 0 0
4362509761 0 0 0
4362509774 0 0 0
4362509787 0 0 0
4362509800 0 0 0
4362509813 0 0 0
4362509826 0 0 0
4362509839 0 0 0
4362509852 0 0 0
4362509865 0 0 0
4362509878 0 0 0
4362509891 0 0 0
4362509904 0 0 0
4362509917 0 0 0
4362509930 0 0 0
4362509943 0 0 0
4362509956 0 0 0
4362509969 0 0 0
4362509982 0 0 0
4362509995 0 0 0
4362510008 0 0 0
4362510021 0 0 0
4362510034 0 0 0
4362510047 0 0 0
4362510060 0 0 0
4362510073 0 0 0
4362510086 0 0 0
4362510099 0 0 0
4362510112 0 0 0
4362510125 0 0 0
4362510138 0 0 0
4362510151 0 0 0
4362510164 0 0 0
4362510177 0 0 0
4362510190 0 0 0
4362510203 0 0 0
4362510216 0 0 0
4362510229 0 0 0
4362510242 0 0 0
4362510255 0 0 0
4362510268 0 0 0
4362510281 0 0 0
4362510294 0 0 0
4362510307 0 0 0
4362510320 0 0 0
4362510333 0 0 0
4362510346 0 0 0
4362510359 0 0 0
4362510372 0 0 0
4362510385 0 0 0
4362510398 0 0 0
4362510411 0 0 0
4362510424 0 0 0
4362510437 0 0 0
4362510450 0 0 0
4362510463 0 0 0
4362510476 0 0 0
4362510489 0 0 0
4362510502 0 0 0
4362510515 0 0 0
4362510528 0 0 0
4362510541 0 0 0
4362510554 0 0 0
4362510567 0 0 0
4362510580 0 0 0
4362510593 0 0 0
4362510606 0 0 0
4362510619 0 0 0
4362510632 0 0 0
4362510645 0 0 0
4362510658 0 0 0
4362510671 0 0 0
4362510684 0 0 0
4362510697 0 0 0
4362510710 0 0 0
4362510723 0 0 0
4362510736 0 0 0
4362510749 0 0 0
4362510762 0 0 0
4362510775 0 0 0
4362510788 0 0 0
4362510801 0 0 0
4362510814 0 0 0
4362510827 0 0 0
4362510840 0 0 0
4362510853 0 0 0
4362510866 0 0 0
4362510879 0 0 0
4362510892 0 0 0
4362510905 0 0 0
4362510918 0 0 0
4362510931 0 0 0
4362510944 0 0 0
4362510957 0 0 0
4362510970 0 0 0
4362510983 0 0 0
4362510996 0 0 0
4362511009 0 0 0
4362511022 0 0 0
4362511035 0 0 0
4362511048 0 0 0
4362511061 0 0 0
4362511074 0 0 0
4362511087 0 0 0
4362511100 0 0 0
4362511113 0 0 0
4362511126 0 0 0
4362511139 0 0 0
4362511152 0 0 0
4362511165 0 0 0
4362511178 0 0 0
4362511191 0 0 0
4362511204 0 0 0
4362511217 0 0 0
4362511230 0 0 0
4362511243 0 0 0
4362511256 0 0 0
4362511269 0 0 0
4362511282 0 0 0
4362511295 0 0 0
4362511308 0 0 0
4362511321 0 0 0
4362511334 0 0 0
4362511347 0 0 0
4362511360 0 0 0
4362511373 0 0 0
4362511386 0 0 0
4362511399 0 0 0
4362511412 0 0 0
4362511425 0 0 0
4362511438 0 0 0
4362511451 0 0 0
4362511464 0 0 0
4362511477 0 0 0
4362511490 0 0 0
4362511503 0 0 0
4362511516 0 0 0
4362511529 0 0 0
4362511542 0 0 0
4362511555 0 0 0
4362511568 0 0 0
4362511581 0 0 0
4362511594 0 0 0
4362511607 0 0 0
4362511620 0 0 0
4362511633 0 0 0
4362511646 0 0 0
4362511659 0 0 0
4362511672 0 0 0
4362511685 0 0 0
4362511698 0 0 0
4362511711 0 0 0
4362511724 0 0 0
4362511737 0 0 0
4362511750 0 0 0
4362511763 0 0 0
4362511776 0 0 0
4362511789 0 0 0
4362511802 0 0 0
4362511815 0 0 0
4362511828 0 0 0
4362511841 0 0 0
4362511854 0 0 0
4362511867 0 0 0
4362511880 0 0 0
4362511893 0 0 0
4362511906 0 0 0
4362511919 0 0 0
4362511932 0 0 0
4362511945 0 0 0
4362511958 0 0 0
4362511971 0 0 0
4362511984 0 0 0
4362511997 0 0 0
4362512010 0 0 0
4362512023 0 0 0
4362512036 0 0 0
4362512049 0 0 0
4362512062 0 0 0
4362512075 0 0 0
4362512088 0 0 0
4362512101 0 0 0
4362512114 0 0 0
4362512127 0 0 0
4362512140 0 0 0
4362512153 0 0 0
4362512166 0 0 0
4362512179 0 0 0
4362512192 0 0 0
4362512205 0 0 0
4362512218 0 0 0
4362512231 0 0 0
4362512244 0 0 0
4362512257 0 0 0
4362512270 0 0 0
4362512283 0 0 0
4362512296 0 0 0
4362512309 0 0 0
4362512322 0 0 0
4362512335 0 0 0
4362512348 0 0 0
4362512361 0 0 0
4362512374 0 0 0
4362512387 0 0 0
4362512400 0 0 0
4362512413 0 0 0
4362512426 0 0 0
4362512439 0 0 0
4362512452 0 0 0
4362512465 0 0 0
4362512478 0 0 0
4362512491 0 0 0
4362512504 0 0 0
4362512517 0 0 0
4362512530 0 0 0
4362512543 0 0 0
4362512556 0 0 0
4362512569 0 0 0
4362512582 0 0 0
4362512595 0 0 0
4362512608 0 0 0
4362512621 0 0 0
4362512634 0 0 0
4362512647 0 0 0
4362512660 0 0 0
4362512673 0 0 0
4362512686 0 0 0
4362512699 0 0 0
4362512712 0 0 0
4362512725 0 0 0
4362512738 0 0 0
4362512751 0 0 0
4362512764 0 0 0
4362512777 0 0 0
4362512790 0 0 0
4362512803 0 0 0
4362512816 0 0 0
4362512829 0 0 0
4362512842 0 0 0
4362512855 0 0 0
4362512868 0 0 0
4362512881 0 0 0
4362512894 0 0 0
4362512907 0 0 0
4362512920 0 0 0
4362512933 0 0 0
4362512946 0 0 0
4362512959 0 0 0
4362512972 0 0 0
4362512985 0 0 0
4362512998 0 0 0
4362513011 0 0 0
4362513024 0 0 0
4362513037 0 0 0
4362513050 0 0 0
4362513063 0 0 0
4362513076 0 0 0
4362513089 0 0 0
4362513102 0 0 0
4362513115 0 0 0
4362513128 0 0 0
4362513141 0 0 0
4362513154 0 0 0
4362513167 0 0 0
4362513180 0 0 0
4362513193 0 0 0
4362513206 0 0 0
4362513219 0 0 0
4362513232 0 0 0
4362513245 0 0 0
4362513258 0 0 0
4362513271 0 0 0
4362513284 0 0 0
4362513297 0 0 0
4362513310 0 0 0
4362513323 0 0 0
4362513336 0 0 0
4362513349 0 0 0
4362513362 0 0 0
4362513375 0 0 0
4362513388 0 0 0
4362513401 0 0 0
4362513414 0 0 0
4362513427 0 0 0
4362513440 0 0 0
4362513453 0 0 0
4362513466 0 0 0
4362513479 0 0 0
4362513492 0 0 0
4362513505 0 0 0
4362513518 0 0 0
4362513531 0 0 0
4362513544 0 0 0
4362513557 0 0 0
4362513570 0 0 0
4362513583 0 0 0
4362513596 0 0 0
4362513609 0 0 0
4362513622 0 0 0
4362513635 0 0 0
4362513648 0 0 0
4362513661 0 0 0
4362513674 0 0 0
4362513687 0 0 0
4362513700 0 0 0
4362513713 0 0 0
4362513726 0 0 0
4362513739 0 0 0
4362513752 0 0 0
4362513765 0 0 0
4362513778 0 0 0
4362513791 0 0 0
4362513804 0 0 0
4362513817 0 0 0
4362513830 0 0 0
4362513843 0 0 0
4362513856 0 0 0
4362513869 0 0 0
4362513882 0 0 0
4362513895 0 0 0
4362513908 0 0 0
4362513921 0 0 0
4362513934 0 0 0
4362513947 0 0 0
4362513960 0 0 0
4362513973 0 0 0
4362513986 0 0 0
4362513999 0 0 0
4362514012 0 0 0
4362514025 0 0 0
4362514038 0 0 0
4362514051 0 0 0
4362514064 0 0 0
4362514077 0 0 0
4362514090 0 0 0
4362514103 0 0 0
4362514116 0 0 0
4362514129 0 0 0
4362514142 0 0 0
4362514155 0 0 0
4362514168 0 0 0
4362514181 0 0 0
4362514194 0 0 0
4362514207 0 0 0
4362514220 0 0 0
4362514233 0 0 0
4362514246 0 0 0
4362514259 0 0 0
4362514272 0 0 0
4362514285 0 0 0
4362514298 0 0 0
4362514311 0 0 0
4362514324 0 0 0
4362514337 0 0 0
4362514350 0 0 0
4362514363 0 0 0
4362514376 0 0 0
4362514389 0 0 0
4362514402 0 0 0
4362514415 0 0 0
4362514428 0 0 0
4362514441 0 0 0
4362514454 0 0 0
4362514467 0 0 0
4362514480 0 0 0
4362514493 0 0 0
4362514506 0 0 0
4362514519 0 0 0
4362514532 0 0 0
4362514545 0 0 0
4362514558 0 0 0
4362514571 0 0 0
4362514584 0 0 0
4362514597 0 0 0
4362514610 0 0 0
4362514623 0 0 0
4362514636 0 0 0
4362514649 0 0 0
4362514662 0 0 0
4362514675 0 0 0
4362514688 0 0 0
4362514701 0 0 0
4362514714 0 0 0
4362514727 0 0 0
4362514740 0 0 0
4362514753 0 0 0
4362514766 0 0 0
4362514779 0 0 0
4362514792 0 0 0
4362514805 0 0 0
4362514818 0 0 0
4362514831 0 0 0
4362514844 0 0 0
4362514857 0 0 0
4362514870 0 0 0
4362514883 0 0 0
4362514896 0 0 0
4362514909 0 0 0
4362514922 0 0 0
4362514935 0 0 0
4362514948 0 0 0
4362514961 0 0 0
4362514974 0 0 0
4362514987 0 0 0
4362515000 0 0 0
4362515013 0 0 0
4362515026 0 0 0
4362515039 0 0 0
4362515052 0 0 0
4362515065 0 0 0
4362515078 0 0 0
4362515091 0 0 0
4362515104 0 0 0
4362515117 0 0 0
4362515130 0 0 0
4362515143 0 0 0
4362515156 0 0 0
4362515169 0 0 0
4362515182 0 0 0
4362515195 0 0 0
4362515208 0 0 0
4362515221 0 0 0
4362515234 0 0 0
4362515247 0 0 0
4362515260 0 0 0
4362515273 0 0 0
4362515286 0 0 0
4362515299 0 0 0
4362515312 0 0 0
4362515325 0 0 0
4362515338 0 0 0
4362515351 0 0 0
4362515364 0 0 0
4362515377 0 0 0
4362515390 0 0 0
4362515403 0 0 0
4362515416 0 0 0
4362515429 0 0 0
4362515442 0 0 0
4362515455 0 0 0
4362515468 0 0 0
4362515481 0 0 0
4362515494 0 0 0
4362515507 0 0 0
4362515520 0 0 0
4362515533 0 0 0
4362515546 0 0 0
4362515559 0 0 0
4362515572 0 0 0
4362515585 0 0 0
4362515598 0 0 0
4362515611 0 0 0
4362515624 0 0 0
4362515637 0 0 0
4362515650 0 0 0
4362515663 0 0 0
4362515676 0 0 0
4362515689 0 0 0
4362515702 0 0 0
4362515715 0 0 0
4362515728 0 0 0
4362515741 0 0 0
4362515754 0 0 0
4362515767 0 0 0
4362515780 0 0 0
4362515793 0 0 0
4362515806 0 0 0
4362515819 0 0 0
4362515832 0 0 0
4362515845 0 0 0
4362515858 0 0 0
4362515871 0 0 0
4362515884 0 0 0
4362515897 0 0 0
4362515910 0 0 0
4362515923 0 0 0
4362515936 0 0 0
4362515949 0 0 0
4362515962 0 0 0
4362515975 0 0 0
4362515988 0 0 0
4362516001 0 0 0
4362516014 0 0 0
4362516027 0 0 0
4362516040 0 0 0
4362516053 0 0 0
4362516066 0 0 0
4362516079 0 0 0
4362516092 0 0 0
4362516105 0 0 0
4362516118 0 0 0
4362516131 0 0 0
4362516144 0 0 0
4362516157 0 0 0
4362516170 0 0 0
4362516183 0 0 0
4362516196 0 0 0
4362516209 0 0 0
4362516222 0 0 0
4362516235 0 0 0
4362516248 0 0 0
4362516261 0 0 0
4362516274 0 0 0
4362516287 0 0 0
4362516300 0 0 0
4362516313 0 0 0
4362516326 0 0 0
4362516339 0 0 0
4362516352 0 0 0
4362516365 0 0 0
4362516378 0 0 0
4362516391 0 0 0
4362516404 0 0 0
4362516417 0 0 0
4362516430 0 0 0
4362516443 0 0 0
4362516456 0 0 0
4362516469 0 0 0
4362516482 0 0 0
4362516495 0 0 0
4362516508 0 0 0
4362516521 0 0 0
4362516534 0 0 0
4362516547 0 0 0
4362516560 0 0 0
4362516573 0 0 0
4362516586 0 0 0
4362516599 0 0 0
4362516612 0 0 0
4362516625 0 0 0
4362516638 0 0 0
4362516651 0 0 0
4362516664 0 0 0
4362516677 0 0 0
4362516690 0 0 0
4362516703 0 0 0
4362516716 0 0 0
4362516729 0 0 0
4362516742 0 0 0
4362516755 0 0 0
4362516768 0 0 0
4362516781 0 0 0
4362516794 0 0 0
4362516807 0 0 0
4362516820 0 0 0
4362516833 0 0 0
4362516846 0 0 0
4362516859 0 0 0
4362516872 0 0 0
4362516885 0 0 0
4362516898 0 0 0
4362516911 0 0 0
4362516924 0 0 0
4362516937 0 0 0
4362516950 0 0 0
4362516963 0 0 0
4362516976 0 0 0
4362516989 0 0 0
4362517002 0 0 0
4362517015 0 0 0
4362517028 0 0 0
4362517041 0 0 0
4362517054 0 0 0
4362517067 0 0 0
4362517080 0 0 0
4362517093 0 0 0
4362517106 0 0 0
4362517119 0 0 0
4362517132 0 0 0
4362517145 0 0 0
4362517158 0 0 0
4362517171 0 0 0
4362517184 0 0 0
4362517197 0 0 0
4362517210 0 0 0
4362517223 0 0 0
4362517236 0 0 0
4362517249 0 0 0
4362517262 0 0 0
4362517275 0 0 0
4362517288 0 0 0
4362517301 0 0 0
4362517314 0 0 0
4362517327 0 0 0
4362517340 0 0 0
4362517353 0 0 0
4362517366 0 0 0
4362517379 0 0 0
4362517392 0 0 0
4362517405 0 0 0
4362517418 0 0 0
4362517431 0 0 0
4362517444 0 0 0
4362517457 0 0 0
4362517470 0 0 0
4362517483 0 0 0
4362517496 0 0 0
4362517509 0 0 0
4362517522 0 0 0
4362517535 0 0 0
4362517548 0 0 0
4362517561 0 0 0
4362517574 0 0 0
4362517587 0 0 0
4362517600 0 0 0
4362517613 0 0 0
4362517626 0 0 0
4362517639 0 0 0
4362517652 0 0 0
4362517665 0 0 0
4362517678 0 0 0
4362517691 0 0 0
4362517704 0 0 0
4362517717 0 0 0
4362517730 0 0 0
4362517743 0 0 0
4362517756 0 0 0
4362517769 0 0 0
4362517782 0 0 0
4362517795 0 0 0
4362517808 0 0 0
4362517821 0 0 0
4362517834 0 0 0
4362517847 0 0 0
4362517860 0 0 0
4362517873 0 0 0
4362517886 0 0 0
4362517899 0 0 0
4362517912 0 0 0
4362517925 0 0 0
4362517938 0 0 0
4362517951 0 0 0
4362517964 0 0 0
4362517977 0 0 0
4362517990 0 0 0
4362518003 0 0 0
4362518016 0 0 0
4362518029 0 0 0
4362518042 0 0 0
4362518055 0 0 0
4362518068 0 0 0
4362518081 0 0 0
4362518094 0 0 0
4362518107 0 0 0
4362518120 0 0 0
4362518133 0 0 0
4362518146 0 0 0
4362518159 0 0 0
4362518172 0 0 0
4362518185 0 0 0
4362518198 0 0 0
4362518211 0 0 0
4362518224 0 0 0
4362518237 0 0 0
4362518250 0 0 0
4362518263 0 0 0
4362518276 0 0 0
4362518289 0 0 0
4362518302 0 0 0
4362518315 0 0 0
4362518328 0 0 0
4362518341 0 0 0
4362518354 0 0 0
4362518367 0 0 0
4362518380 0 0 0
4362518393 0 0 0
4362518406 0 0 0
4362518419 0 0 0
4362518432 0 0 0
4362518445 0 0 0
4362518458 0 0 0
4362518471 0 0 0
4362518484 0 0 0
4362518497 0 0 0
4362518510 0 0 0
4362518523 0 0 0
4362518536 0 0 0
4362518549 0 0 0
4362518562 0 0 0
4362518575 0 0 0
4362518588 0 0 0
4362518601 0 0 0
4362518614 0 0 0
4362518627 0 0 0
4362518640 0 0 0
4362518653 0 0 0
4362518666 0 0 0
4362518679 0 0 0
4362518692 0 0 0
4362518705 0 0 0
4362518718 0 0 0
4362518731 0 0 0
4362518744 0 0 0
4362518757 0 0 0
4362518770 0 0 0
4362518783 0 0 0
4362518796 0 0 0
4362518809 0 0 0
4362518822 0 0 0
4362518835 0 0 0
4362518848 0 0 0
4362518861 0 0 0
4362518874 0 0 0
4362518887 0 0 0
4362518900 0 0 0
4362518913 0 0 0
4362518926 0 0 0
4362518939 0 0 0
4362518952 0 0 0
4362518965 0 0 0
4362518978 0 0 0
4362518991 0 0 0
4362519004 0 0 0
4362519017 0 0 0
4362519030 0 0 0
4362519043 0 0 0
4362519056 0 0 0
4362519069 0 0 0
4362519082 0 0 0
4362519095 0 0 0
4362519108 0 0 0
4362519121 0 0 0
4362519134 0 0 0
4362519147 0 0 0
4362519160 0 0 0
4362519173 0 0 0
4362519186 0 0 0
4362519199 0 0 0
4362519212 0 0 0
4362519225 0 0 0
4362519238 0 0 0
4362519251 0 0 0
4362519264 0 0 0
4362519277 0 0 0
4362519290 0 0 0
4362519303 0 0 0
4362519316 0 0 0
4362519329 0 0 0
4362519342 0 0 0
4362519355 0 0 0
4362519368 0 0 0
4362519381 0 0 0
4362519394 0 0 0
4362519407 0 0 0
4362519420 0 0 0
4362519433 0 0 0
4362519446 0 0 0
4362519459 0 0 0
4362519472 0 0 0
4362519485 0 0 0
4362519498 0 0 0
4362519511 0 0 0
4362519524 0 0 0
4362519537 0 0 0
4362519550 0 0 0
4362519563 0 0 0
4362519576 0 0 0
4362519589 0 0 0
4362519602 0 0 0
4362519615 0 0 0
4362519628 0 0 0
4362519641 0 0 0
4362519654 0 0 0
4362519667 0 0 0
4362519680 0 0 0
4362519693 0 0 0
4362519706 0 0 0
4362519719 0 0 0
4362519732 0 0 0
4362519745 0 0 0
4362519758 0 0 0
4362519771 0 0 0
4362519784 0 0 0
4362519797 0 0 0
4362519810 0 0 0
4362519823 0 0 0
4362519836 0 0 0
4362519849 0 0 0
4362519862 0 0 0
4362519875 0 0 0
4362519888 0 0 0
4362519901 0 0 0
4362519914 0 0 0
4362519927 0 0 0
4362519940 0 0 0
4362519953 0 0 0
4362519966 0 0 0
4362519979 0 0 0
4362519992 0 0 0
4362520005 0 0 0
4362520018 0 0 0
4362520031 0 0 0
4362520044 0 0 0
4362520057 0 0 0
4362520070 0 0 0
4362520083 0 0 0
4362520096 0 0 0
4362520109 0 0 0
4362520122 0 0 0
4362520135 0 0 0
4362520148 0 0 0
4362520161 0 0 0
4362520174 0 0 0
4362520187 0 0 0
4362520200 0 0 0
4362520213 0 0 0
4362520226 0 0 0
4362520239 0 0 0
4362520252 0 0 0
4362520265 0 0 0
4362520278 0 0 0
4362520291 0 0 0
4362520304 0 0 0
4362520317 0 0 0
4362520330 0 0 0
4362520343 0 0 0
4362520356 0 0 0
4362520369 0 0 0
4362520382 0 0 0
4362520395 0 0 0
4362520408 0 0 0
4362520421 0 0 0
4362520434 0 0 0
4362520447 0 0 0
4362520460 0 0 0
4362520473 0 0 0
4362520486 0 0 0
4362520499 0 0 0
4362520512 0 0 0
4362520525 0 0 0
4362520538 0 0 0
4362520551 0 0 0
4362520564 0 0 0
4362520577 0 0 0
4362520590 0 0 0
4362520603 0 0 0
4362520616 0 0 0
4362520629 0 0 0
4362520642 0 0 0
4362520655 0 0 0
4362520668 0 0 0
4362520681 0 0 0
4362520694 0 0 0
4362520707 0 0 0
4362520720 0 0 0
4362520733 0 0 0
4362520746 0 0 0
4362520759 0 0 0
4362520772 0 0 0
4362520785 0 0 0
4362520798 0 0 0
4362520811 0 0 0
4362520824 0 0 0
4362520837 0 0 0
4362520850 0 0 0
4362520863 0 0 0
4362520876 0 0 0
4362520889 0 0 0
4362520902 0 0 0
4362520915 0 0 0
4362520928 0 0 0
4362520941 0 0 0
4362520954 0 0 0
4362520967 0 0 0
4362520980 0 0 0
4362520993 0 0 0
4362521006 0 0 0
4362521019 0 0 0
4362521032 0 0 0
4362521045 0 0 0
4362521058 0 0 0
4362521071 0 0 0
4362521084 0 0 0
4362521097 0 0 0
4362521110 0 0 0
4362521123 0 0 0
4362521136 0 0 0
4362521149 0 0 0
4362521162 0 0 0
4362521175 0 0 0
4362521188 0 0 0
4362521201 0 0 0
4362521214 0 0 0
4362521227 0 0 0
4362521240 0 0 0
4362521253 0 0 0
4362521266 0 0 0
4362521279 0 0 0
4362521292 0 0 0
4362521305 0 0 0
4362521318 0 0 0
4362521331 0 0 0
4362521344 0 0 0
4362521357 0 0 0
4362521370 0 0 0
4362521383 0 0 0
4362521396 0 0 0
4362521409 0 0 0
4362521422 0 0 0
4362521435 0 0 0
4362521448 0 0 0
4362521461 0 0 0
4362521474 0 0 0
4362521487 0 0 0
4362521500 0 0 0
4362521513 0 0 0
4362521526 0 0 0
4362521539 0 0 0
4362521552 0 0 0
4362521565 0 0 0
4362521578 0 0 0
4362521591 0 0 0
4362521604 0 0 0
4362521617 0 0 0
4362521630 0 0 0
4362521643 0 0 0
4362521656 0 0 0
4362521669 0 0 0
4362521682 0 0 0
4362521695 0 0 0
4362521708 0 0 0
4362521721 0 0 0
4362521734 0 0 0
4362521747 0 0 0
4362521760 0 0 0
4362521773 0 0 0
4362521786 0 0 0
4362521799 0 0 0
4362521812 0 0 0
4362521825 0 0 0
4362521838 0 0 0
4362521851 0 0 0
4362521864 0 0 0
4362521877 0 0 0
4362521890 0 0 0
4362521903 0 0 0
4362521916 0 0 0
4362521929 0 0 0
4362521942 0 0 0
4362521955 0 0 0
4362521968 0 0 0
4362521981 0 0 0
4362521994 0 0 0
4362522007 0 0 0
4362522020 0 0 0
4362522033 0 0 0
4362522046 0 0 0
4362522059 0 0 0
4362522072 0 0 0
4362522085 0 0 0
4362522098 0 0 0
4362522111 0 0 0
4362522124 0 0 0
4362522137 0 0 0
4362522150 0 0 0
4362522163 0 0 0
4362522176 0 0 0
4362522189 0 0 0
4362522202 0 0 0
4362522215 0 0 0
4362522228 0 0 0
4362522241 0 0 0
4362522254 0 0 0
4362522267 0 0 0
4362522280 0 0 0
4362522293 0 0 0
4362522306 0 0 0
4362522319 0 0 0
4362522332 0 0 0
4362522345 0 0 0
4362522358 0 0 0
4362522371 0 0 0
4362522384 0 0 0
4362522397 0 0 0
4362522410 0 0 0
4362522423 0 0 0
4362522436 0 0 0
4362522449 0 0 0
4362522462 0 0 0
4362522475 0 0 0
4362522488 0 0 0
4362522501 0 0 0
4362522514 0 0 0
4362522527 0 0 0
4362522540 0 0 0
4362522553 0 0 0
4362522566 0 0 0
4362522579 0 0 0
4362522592 0 0 0
4362522605 0 0 0
4362522618 0 0 0
4362522631 0 0 0
4362522644 0 0 0
4362522657 0 0 0
4362522670 0 0 0
4362522683 0 0 0
4362522696 0 0 0
4362522709 0 0 0
4362522722 0 0 0
4362522735 0 0 0
4362522748 0 0 0
4362522761 0 0 0
4362522774 0 0 0
4362522787 0 0 0
4362522800 0 0 0
4362522813 0 0 0
4362522826 0 0 0
4362522839 0 0 0
4362522852 0 0 0
4362522865 0 0 0
4362522878 0 0 0
4362522891 0 0 0
4362522904 0 0 0
4362522917 0 0 0
4362522930 0 0 0
4362522943 0 0 0
4362522956 0 0 0
4362522969 0 0 0
4362522982 0 0 0
4362522995 0 0 0
4362523008 0 0 0
4362523021 0 0 0
4362523034 0 0 0
4362523047 0 0 0
4362523060 0 0 0
4362523073 0 0 0
4362523086 0 0 0
4362523099 0 0 0
4362523112 0 0 0
4362523125 0 0 0
4362523138 0 0 0
4362523151 0 0 0
4362523164 0 0 0
4362523177 0 0 0
4362523190 0 0 0
4362523203 0 0 0
4362523216 0 0 0
4362523229 0 0 0
4362523242 0 0 0
4362523255 0 0 0
4362523268 0 0 0
4362523281 0 0 0
4362523294 0 0 0
4362523307 0 0 0
4362523320 0 0 0
4362523333 0 0 0
4362523346 0 0 0
4362523359 0 0 0
4362523372 0 0 0
4362523385 0 0 0
4362523398 0 0 0
4362523411 0 0 0
4362523424 0 0 0
4362523437 0 0 0
4362523450 0 0 0
4362523463 0 0 0
4362523476 0 0 0
4362523489 0 0 0
4362523502 0 0 0
4362523515 0 0 0
4362523528 0 0 0
4362523541 0 0 0
4362523554 0 0 0
4362523567 0 0 0
4362523580 0 0 0
4362523593 0 0 0
4362523606 0 0 0
4362523619 0 0 0
4362523632 0 0 0
4362523645 0 0 0
4362523658 0 0 0
4362523671 0 0 0
4362523684 0 0 0
4362523697 0 0 0
4362523710 0 0 0
4362523723 0 0 0
4362523736 0 0 0
4362523749 0 0 0
4362523762 0 0 0
4362523775 0 0 0
4362523788 0 0 0
4362523801 0 0 0
4362523814 0 0 0
4362523827 0 0 0
4362523840 0 0 0
4362523853 0 0 0
4362523866 0 0 0
4362523879 0 0 0
4362523892 0 0 0
4362523905 0 0 0
4362523918 0 0 0
4362523931 0 0 0
4362523944 0 0 0
4362523957 0 0 0
4362523970 0 0 0
4362523983 0 0 0
4362523996 0 0 0
4362524009 0 0 0
4362524022 0 0 0
4362524035 0 0 0
4362524048 0 0 0
4362524061 0 0 0
4362524074 0 0 0
4362524087 0 0 0
4362524100 0 0 0
4362524113 0 0 0
4362524126 0 0 0
4362524139 0 0 0
4362524152 0 0 0
4362524165 0 0 0
4362524178 0 0 0
4362524191 0 0 0
4362524204 0 0 0
4362524217 0 0 0
4362524230 0 0 0
4362524243 0 0 0
4362524256 0 0 0
4362524269 0 0 0
4362524282 0 0 0
4362524295 0 0 0
4362524308 0 0 0
4362524321 0 0 0
4362524334 0 0 0
4362524347 0 0 0
4362524360 0 0 0
4362524373 0 0 0
4362524386 0 0 0
4362524399 0 0 0
4362524412 0 0 0
4362524425 0 0 0
4362524438 0 0 0
4362524451 0 0 0
4362524464 0 0 0
4362524477 0 0 0
4362524490 0 0 0
4362524503 0 0 0
4362524516 0 0 0
4362524529 0 0 0
4362524542 0 0 0
4362524555 0 0 0
4362524568 0 0 0
4362524581 0 0 0
4362524594 0 0 0
4362524607 0 0 0
4362524620 0 0 0
4362524633 0 0 0
4362524646 0 0 0
4362524659 0 0 0
4362524672 0 0 0
4362524685 0 0 0
4362524698 0 0 0
4362524711 0 0 0
4362524724 0 0 0
4362524737 0 0 0
4362524750 0 0 0
4362524763 0 0 0
4362524776 0 0 0
4362524789 0 0 0
4362524802 0 0 0
4362524815 0 0 0
4362524828 0 0 0
4362524841 0 0 0
4362524854 0 0 0
4362524867 0 0 0
4362524880 0 0 0
4362524893 0 0 0
4362524906 0 0 0
4362524919 0 0 0
4362524932 0 0 0
4362524945 0 0 0
4362524958 0 0 0
4362524971 0 0 0
4362524984 0 0 0
4362524997 0 0 0
4362525010 0 0 0
4362525023 0 0 0
4362525036 0 0 0
4362525049 0 0 0
4362525062 0 0 0
4362525075 0 0 0
4362525088 0 0 0
4362525101 0 0 0
4362525114 0 0 0
4362525127 0 0 0
4362525140 0 0 0
4362525153 0 0 0
4362525166 0 0 0
4362525179 0 0 0
4362525192 0 0 0
4362525205 0 0 0
4362525218 0 0 0
4362525231 0 0 0
4362525244 0 0 0
4362525257 0 0 0
4362525270 0 0 0
4362525283 0 0 0
4362525296 0 0 0
4362525309 0 0 0
4362525322 0 0 0
4362525335 0 0 0
4362525348 0 0 0
4362525361 0 0 0
4362525374 0 0 0
4362525387 0 0 0
4362525400 0 0 0
4362525413 0 0 0
4362525426 0 0 0
4362525439 0 0 0
4362525452 0 0 0
4362525465 0 0 0
4362525478 0 0 0
4362525491 0 0 0
4362525504 0 0 0
4362525517 0 0 0
4362525530 0 0 0
4362525543 0 0 0
4362525556 0 0 0
4362525569 0 0 0
4362525582 0 0 0
4362525595 0 0 0
4362525608 0 0 0
4362525621 0 0 0
4362525634 0 0 0
4362525647 0 0 0
4362525660 0 0 0
4362525673 0 0 0
4362525686 0 0 0
4362525699 0 0 0
4362525712 0 0 0
4362525725 0 0 0
4362525738 0 0 0
4362525751 0 0 0
4362525764 0 0 0
4362525777 0 0 0
4362525790 0 0 0
4362525803 0 0 0
4362525816 0 0 0
4362525829 0 0 0
4362525842 0 0 0
4362525855 0 0 0
4362525868 0 0 0
4362525881 0 0 0
4362525894 0 0 0
4362525907 0 0 0
4362525920 0 0 0
4362525933 0 0 0
4362525946 0 0 0
4362525959 0 0 0
4362525972 0 0 0
4362525985 0 0 0
4362525998 0 0 0
4362526011 0 0 0
4362526024 0 0 0
4362526037 0 0 0
4362526050 0 0 0
4362526063 0 0 0
4362526076 0 0 0
4362526089 0 0 0
4362526102 0 0 0
4362526115 0 0 0
4362526128 0 0 0
4362526141 0 0 0
4362526154 0 0 0
4362526167 0 0 0
4362526180 0 0 0
4362526193 0 0 0
4362526206 0 0 0
4362526219 0 0 0
4362526232 0 0 0
4362526245 0 0 0
4362526258 0 0 0
4362526271 0 0 0
4362526284 0 0 0
4362526297 0 0 0
4362526310 0 0 0
4362526323 0 0 0
4362526336 0 0 0
4362526349 0 0 0
4362526362 0 0 0
4362526375 0 0 0
4362526388 0 0 0
4362526401 0 0 0
4362526414 0 0 0
4362526427 0 0 0
4362526440 0 0 0
4362526453 0 0 0
4362526466 0 0 0
4362526479 0 0 0
4362526492 0 0 0
4362526505 0 0 0
4362526518 0 0 0
4362526531 0 0 0
4362526544 0 0 0
4362526557 0 0 0
4362526570 0 0 0
4362526583 0 0 0
4362526596 0 0 0
4362526609 0 0 0
4362526622 0 0 0
4362526635 0 0 0
4362526648 0 0 0
4362526661 0 0 0
4362526674 0 0 0
4362526687 0 0 0
4362526700 0 0 0
4362526713 0 0 0
4362526726 0 0 0
4362526739 0 0 0
4362526752 0 0 0
4362526765 0 0 0
4362526778 0 0 0
4362526791 0 0 0
4362526804 0 0 0
4362526817 0 0 0
4362526830 0 0 0
4362526843 0 0 0
4362526856 0 0 0
4362526869 0 0 0
4362526882 0 0 0
4362526895 0 0 0
4362526908 0 0 0
4362526921 0 0 0
4362526934 0 0 0
4362526947 0 0 0
4362526960 0 0 0
4362526973 0 0 0
4362526986 0 0 0
4362526999 0 0 0
4362527012 0 0 0
4362527025 0 0 0
4362527038 0 0 0
4362527051 0 0 0
4362527064 0 0 0
4362527077 0 0 0
4362527090 0 0 0
4362527103 0 0 0
4362527116 0 0 0
4362527129 0 0 0
4362527142 0 0 0
read 3082 profiled data
