4362081080 0 0 0
4362081093 0 0 0
4362081106 0 0 0
4362081119 0 0 0
4362081132 0 0 0
4362081145 0 0 0
4362081158 0 0 0
4362081171 0 0 0
4362081184 0 0 0
4362081197 0 0 0
4362081210 0 0 0
4362081223 0 0 0
4362081236 0 0 0
4362081249 0 0 0
4362081262 0 0 0
4362081275 0 0 0
4362081288 0 0 0
4362081301 0 0 0
4362081314 0 0 0
4362081327 0 0 0
4362081340 0 0 0
4362081353 0 0 0
4362081366 0 0 0
4362081379 0 0 0
4362081392 0 0 0
4362081405 0 0 0
4362081418 0 0 0
4362081431 0 0 0
4362081444 0 0 0
4362081457 0 0 0
4362081470 0 0 0
4362081483 0 0 0
4362081496 0 0 0
4362081509 0 0 0
4362081522 0 0 0
4362081535 0 0 0
4362081548 0 0 0
4362081561 0 0 0
4362081574 0 0 0
4362081587 0 0 0
4362081600 0 0 0
4362081613 0 0 0
4362081626 0 0 0
4362081639 0 0 0
4362081652 0 0 0
4362081665 0 0 0
4362081678 0 0 0
4362081691 0 0 0
4362081704 0 0 0
4362081717 0 0 0
4362081730 0 0 0
4362081743 0 0 0
4362081756 0 0 0
4362081769 0 0 0
4362081782 0 0 0
4362081795 0 0 0
4362081808 0 0 0
4362081821 0 0 0
4362081834 0 0 0
4362081847 0 0 0
4362081860 0 0 0
4362081873 0 0 0
4362081886 0 0 0
4362081899 0 0 0
4362081912 0 0 0
4362081925 0 0 0
4362081938 0 0 0
4362081951 0 0 0
4362081964 0 0 0
4362081977 0 0 0
4362081990 0 0 0
4362082003 0 0 0
4362082016 0 0 0
4362082029 0 0 0
4362082042 0 0 0
4362082055 0 0 0
4362082068 0 0 0
4362082081 0 0 0
4362082094 0 0 0
4362082107 0 0 0
4362082120 0 0 0
4362082133 0 0 0
4362082146 0 0 0
4362082159 0 0 0
4362082173 0 0 0
4362082186 0 0 0
4362082199 0 0 0
4362082212 0 0 0
4362082225 0 0 0
4362082238 0 0 0
4362082251 0 0 0
4362082264 0 0 0
4362082277 0 0 0
4362082290 0 0 0
4362082303 0 0 0
4362082316 0 0 0
4362082329 0 0 0
4362082342 0 0 0
4362082355 0 0 0
4362082368 0 0 0
4362082381 0 0 0
4362082394 0 0 0
4362082407 0 0 0
4362082420 0 0 0
4362082433 0 0 0
4362082446 0 0 0
4362082459 0 0 0
4362082472 0 0 0
4362082485 0 0 0
4362082498 0 0 0
4362082511 0 0 0
4362082524 0 0 0
4362082537 0 0 0
4362082550 0 0 0
4362082563 0 0 0
4362082576 0 0 0
4362082589 0 0 0
4362082602 0 0 0
4362082615 0 0 0
4362082628 0 0 0
4362082641 0 0 0
4362082654 0 0 0
4362082667 0 0 0
4362082680 0 0 0
4362082693 0 0 0
4362082706 0 0 0
4362082719 0 0 0
4362082732 0 0 0
4362082745 0 0 0
4362082758 0 0 0
4362082771 0 0 0
4362082784 0 0 0
4362082797 0 0 0
4362082810 0 0 0
4362082823 0 0 0
4362082836 0 0 0
4362082849 0 0 0
4362082862 0 0 0
4362082875 0 0 0
4362082888 0 0 0
4362082901 0 0 0
4362082914 0 0 0
4362082927 0 0 0
4362082940 0 0 0
4362082953 0 0 0
4362082966 0 0 0
4362082979 0 0 0
4362082992 0 0 0
4362083005 0 0 0
4362083018 0 0 0
4362083031 0 0 0
4362083044 0 0 0
4362083057 0 0 0
4362083070 0 0 0
4362083083 0 0 0
4362083096 0 0 0
4362083109 0 0 0
4362083122 0 0 0
4362083135 0 0 0
4362083148 0 0 0
4362083161 0 0 0
4362083174 0 0 0
4362083187 0 0 0
4362083200 0 0 0
4362083213 0 0 0
4362083226 0 0 0
4362083239 0 0 0
4362083252 0 0 0
4362083265 0 0 0
4362083278 0 0 0
4362083291 0 0 0
4362083304 0 0 0
4362083317 0 0 0
4362083330 0 0 0
4362083343 0 0 0
4362083356 0 0 0
4362083369 0 0 0
4362083382 0 0 0
4362083395 0 0 0
4362083408 0 0 0
4362083421 0 0 0
4362083434 0 0 0
4362083447 0 0 0
4362083460 0 0 0
4362083473 0 0 0
4362083486 0 0 0
4362083499 0 0 0
4362083512 0 0 0
4362083525 0 0 0
4362083538 0 0 0
4362083551 0 0 0
4362083564 0 0 0
4362083577 0 0 0
4362083590 0 0 0
4362083603 0 0 0
4362083616 0 0 0
4362083629 0 0 0
4362083642 0 0 0
4362083655 0 0 0
4362083668 0 0 0
4362083681 0 0 0
4362083694 0 0 0
4362083707 0 0 0
4362083720 0 0 0
4362083733 0 0 0
4362083746 0 0 0
4362083759 0 0 0
4362083772 0 0 0
4362083785 0 0 0
4362083798 0 0 0
4362083811 0 0 0
4362083824 0 0 0
4362083837 0 0 0
4362083850 0 0 0
4362083863 0 0 0
4362083876 0 0 0
4362083889 0 0 0
4362083902 0 0 0
4362083915 0 0 0
4362083928 0 0 0
4362083941 0 0 0
4362083954 0 0 0
4362083967 0 0 0
4362083980 0 0 0
4362083993 0 0 0
4362084006 0 0 0
4362084019 0 0 0
4362084032 0 0 0
4362084045 0 0 0
4362084058 0 0 0
4362084071 0 0 0
4362084084 0 0 0
4362084097 0 0 0
4362084110 0 0 0
4362084123 0 0 0
4362084136 0 0 0
4362084149 0 0 0
4362084162 0 0 0
4362084175 0 0 0
4362084188 0 0 0
4362084201 0 0 0
4362084214 0 0 0
4362084227 0 0 0
4362084240 0 0 0
4362084253 0 0 0
4362084266 0 0 0
4362084279 0 0 0
4362084292 0 0 0
4362084305 0 0 0
4362084318 0 0 0
4362084331 0 0 0
4362084344 0 0 0
4362084357 0 0 0
4362084370 0 0 0
4362084383 0 0 0
4362084396 0 0 0
4362084409 0 0 0
4362084422 0 0 0
4362084435 0 0 0
4362084448 0 0 0
4362084461 0 0 0
4362084474 0 0 0
4362084487 0 0 0
4362084500 0 0 0
4362084513 0 0 0
4362084526 0 0 0
4362084539 0 0 0
4362084552 0 0 0
4362084565 0 0 0
4362084578 0 0 0
4362084591 0 0 0
4362084604 0 0 0
4362084617 0 0 0
4362084630 0 0 0
4362084643 0 0 0
4362084656 0 0 0
4362084669 0 0 0
4362084682 0 0 0
4362084695 0 0 0
4362084708 0 0 0
4362084721 0 0 0
4362084734 0 0 0
4362084747 0 0 0
4362084760 0 0 0
4362084773 0 0 0
4362084786 0 0 0
4362084799 0 0 0
4362084812 0 0 0
4362084825 0 0 0
4362084838 0 0 0
4362084851 0 0 0
4362084864 0 0 0
4362084877 0 0 0
4362084890 0 0 0
4362084903 0 0 0
4362084916 0 0 0
4362084929 0 0 0
4362084942 0 0 0
4362084955 0 0 0
4362084968 0 0 0
4362084981 0 0 0
4362084994 0 0 0
4362085007 0 0 0
4362085020 0 0 0
4362085033 0 0 0
4362085046 0 0 0
4362085059 0 0 0
4362085072 0 0 0
4362085085 0 0 0
4362085098 0 0 0
4362085111 0 0 0
4362085124 0 0 0
4362085137 0 0 0
4362085150 0 0 0
4362085163 0 0 0
4362085176 0 0 0
4362085189 0 0 0
4362085202 0 0 0
4362085215 0 0 0
4362085228 0 0 0
4362085241 0 0 0
4362085254 0 0 0
4362085267 0 0 0
4362085280 0 0 0
4362085293 0 0 0
4362085306 0 0 0
4362085319 0 0 0
4362085332 0 0 0
4362085345 0 0 0
4362085358 0 0 0
4362085371 0 0 0
4362085384 0 0 0
4362085397 0 0 0
4362085410 0 0 0
4362085423 0 0 0
4362085436 0 0 0
4362085449 0 0 0
4362085462 0 0 0
4362085475 0 0 0
4362085488 0 0 0
4362085501 0 0 0
4362085514 0 0 0
4362085527 0 0 0
4362085540 0 0 0
4362085553 0 0 0
4362085566 0 0 0
4362085579 0 0 0
4362085592 0 0 0
4362085605 0 0 0
4362085618 0 0 0
4362085631 0 0 0
4362085644 0 0 0
4362085657 0 0 0
4362085670 0 0 0
4362085683 0 0 0
4362085696 0 0 0
4362085709 0 0 0
4362085722 0 0 0
4362085735 0 0 0
4362085748 0 0 0
4362085761 0 0 0
4362085774 0 0 0
4362085787 0 0 0
4362085800 0 0 0
4362085813 0 0 0
4362085826 0 0 0
4362085839 0 0 0
4362085852 0 0 0
4362085865 0 0 0
4362085878 0 0 0
4362085891 0 0 0
4362085904 0 0 0
4362085917 0 0 0
4362085930 0 0 0
4362085943 0 0 0
4362085956 0 0 0
4362085969 0 0 0
4362085982 0 0 0
4362085995 0 0 0
4362086008 0 0 0
4362086021 0 0 0
4362086034 0 0 0
4362086047 0 0 0
4362086060 0 0 0
4362086073 0 0 0
4362086086 0 0 0
4362086099 0 0 0
4362086112 0 0 0
4362086125 0 0 0
4362086138 0 0 0
4362086151 0 0 0
4362086164 0 0 0
4362086177 0 0 0
4362086190 0 0 0
4362086203 0 0 0
4362086216 0 0 0
4362086229 0 0 0
4362086242 0 0 0
4362086255 0 0 0
4362086268 0 0 0
4362086281 0 0 0
4362086294 0 0 0
4362086307 0 0 0
4362086320 0 0 0
4362086333 0 0 0
4362086346 0 0 0
4362086359 0 0 0
4362086372 0 0 0
4362086385 0 0 0
4362086398 0 0 0
4362086411 0 0 0
4362086424 0 0 0
4362086437 0 0 0
4362086450 0 0 0
4362086463 0 0 0
4362086476 0 0 0
4362086489 0 0 0
4362086502 0 0 0
4362086515 0 0 0
4362086528 0 0 0
4362086541 0 0 0
4362086554 0 0 0
4362086567 0 0 0
4362086580 0 0 0
4362086593 0 0 0
4362086606 0 0 0
4362086619 0 0 0
4362086632 0 0 0
4362086645 0 0 0
4362086658 0 0 0
4362086671 0 0 0
4362086684 0 0 0
4362086697 0 0 0
4362086710 0 0 0
4362086723 0 0 0
4362086736 0 0 0
4362086749 0 0 0
4362086762 0 0 0
4362086775 0 0 0
4362086788 0 0 0
4362086801 0 0 0
4362086814 0 0 0
4362086827 0 0 0
4362086840 0 0 0
4362086853 0 0 0
4362086866 0 0 0
4362086879 0 0 0
4362086892 0 0 0
4362086905 0 0 0
4362086918 0 0 0
4362086931 0 0 0
4362086944 0 0 0
4362086957 0 0 0
4362086970 0 0 0
4362086983 0 0 0
4362086996 0 0 0
4362087009 0 0 0
4362087022 0 0 0
4362087035 0 0 0
4362087048 0 0 0
4362087061 0 0 0
4362087074 0 0 0
4362087087 0 0 0
4362087100 0 0 0
4362087113 0 0 0
4362087126 0 0 0
4362087139 0 0 0
4362087152 0 0 0
4362087165 0 0 0
4362087178 0 0 0
4362087191 0 0 0
4362087204 0 0 0
4362087217 0 0 0
4362087230 0 0 0
4362087243 0 0 0
4362087256 0 0 0
4362087269 0 0 0
4362087282 0 0 0
4362087295 0 0 0
4362087308 0 0 0
4362087321 0 0 0
4362087334 0 0 0
4362087347 0 0 0
4362087360 0 0 0
4362087373 0 0 0
4362087386 0 0 0
4362087399 0 0 0
4362087412 0 0 0
4362087425 0 0 0
4362087438 0 0 0
4362087451 0 0 0
4362087464 0 0 0
4362087477 0 0 0
4362087490 0 0 0
4362087503 0 0 0
4362087516 0 0 0
4362087529 0 0 0
4362087542 0 0 0
4362087555 0 0 0
4362087568 0 0 0
4362087581 0 0 0
4362087594 0 0 0
4362087607 0 0 0
4362087620 0 0 0
4362087633 0 0 0
4362087646 0 0 0
4362087659 0 0 0
4362087672 0 0 0
4362087685 0 0 0
4362087698 0 0 0
4362087711 0 0 0
4362087724 0 0 0
4362087737 0 0 0
4362087750 0 0 0
4362087763 0 0 0
4362087776 0 0 0
4362087789 0 0 0
4362087802 0 0 0
4362087815 0 0 0
4362087828 0 0 0
4362087841 0 0 0
4362087854 0 0 0
4362087867 0 0 0
4362087880 0 0 0
4362087893 0 0 0
4362087906 0 0 0
4362087919 0 0 0
4362087932 0 0 0
4362087945 0 0 0
4362087958 0 0 0
4362087971 0 0 0
4362087984 0 0 0
4362087997 0 0 0
4362088010 0 0 0
4362088023 0 0 0
4362088036 0 0 0
4362088049 0 0 0
4362088062 0 0 0
4362088075 0 0 0
4362088088 0 0 0
4362088101 0 0 0
4362088114 0 0 0
4362088127 0 0 0
4362088140 0 0 0
4362088153 0 0 0
4362088166 0 0 0
4362088179 0 0 0
4362088192 0 0 0
4362088205 0 0 0
4362088218 0 0 0
4362088231 0 0 0
4362088244 0 0 0
4362088257 0 0 0
4362088270 0 0 0
4362088283 0 0 0
4362088296 0 0 0
4362088309 0 0 0
4362088322 0 0 0
4362088335 0 0 0
4362088348 0 0 0
4362088361 0 0 0
4362088374 0 0 0
4362088387 0 0 0
4362088400 0 0 0
4362088413 0 0 0
4362088426 0 0 0
4362088439 0 0 0
4362088452 0 0 0
4362088465 0 0 0
4362088478 0 0 0
4362088491 0 0 0
4362088504 0 0 0
4362088517 0 0 0
4362088530 0 0 0
4362088543 0 0 0
4362088556 0 0 0
4362088569 0 0 0
4362088582 0 0 0
4362088595 0 0 0
4362088608 0 0 0
4362088621 0 0 0
4362088634 0 0 0
4362088647 0 0 0
4362088660 0 0 0
4362088673 0 0 0
4362088686 0 0 0
4362088699 0 0 0
4362088712 0 0 0
4362088725 0 0 0
4362088738 0 0 0
4362088751 0 0 0
4362088764 0 0 0
4362088777 0 0 0
4362088790 0 0 0
4362088803 0 0 0
4362088816 0 0 0
4362088829 0 0 0
4362088842 0 0 0
4362088855 0 0 0
4362088868 0 0 0
4362088881 0 0 0
4362088894 0 0 0
4362088907 0 0 0
4362088920 0 0 0
4362088933 0 0 0
4362088946 0 0 0
4362088959 0 0 0
4362088972 0 0 0
4362088985 0 0 0
4362088998 0 0 0
4362089011 0 0 0
4362089024 0 0 0
4362089037 0 0 0
4362089050 0 0 0
4362089063 0 0 0
4362089076 0 0 0
4362089089 0 0 0
4362089102 0 0 0
4362089115 0 0 0
4362089128 0 0 0
4362089141 0 0 0
4362089154 0 0 0
4362089167 0 0 0
4362089180 0 0 0
4362089193 0 0 0
4362089206 0 0 0
4362089219 0 0 0
4362089232 0 0 0
4362089245 0 0 0
4362089258 0 0 0
4362089271 0 0 0
4362089284 0 0 0
4362089297 0 0 0
4362089310 0 0 0
4362089323 0 0 0
4362089336 0 0 0
4362089349 0 0 0
4362089362 0 0 0
4362089375 0 0 0
4362089388 0 0 0
4362089401 0 0 0
4362089414 0 0 0
4362089427 0 0 0
4362089440 0 0 0
4362089453 0 0 0
4362089466 0 0 0
4362089479 0 0 0
4362089492 0 0 0
4362089505 0 0 0
4362089518 0 0 0
4362089531 0 0 0
4362089544 0 0 0
4362089557 0 0 0
4362089570 0 0 0
4362089583 0 0 0
4362089596 0 0 0
4362089609 0 0 0
4362089622 0 0 0
4362089635 0 0 0
4362089648 0 0 0
4362089661 0 0 0
4362089674 0 0 0
4362089687 0 0 0
4362089700 0 0 0
4362089713 0 0 0
4362089726 0 0 0
4362089739 0 0 0
4362089752 0 0 0
4362089765 0 0 0
4362089778 0 0 0
4362089791 0 0 0
4362089804 0 0 0
4362089817 0 0 0
4362089830 0 0 0
4362089843 0 0 0
4362089856 0 0 0
4362089869 0 0 0
4362089882 0 0 0
4362089895 0 0 0
4362089908 0 0 0
4362089921 0 0 0
4362089934 0 0 0
4362089947 0 0 0
4362089960 0 0 0
4362089973 0 0 0
4362089986 0 0 0
4362089999 0 0 0
4362090012 0 0 0
4362090025 0 0 0
4362090038 0 0 0
4362090051 75363 0 35
4362090064 132007 0 52
4362090077 122499 0 43
4362090090 0 0 0
4362090103 0 0 0
4362090116 0 0 0
4362090129 0 0 0
4362090142 0 0 0
4362090155 0 0 0
4362090168 0 0 0
4362090181 0 0 0
4362090194 0 0 0
4362090207 0 0 0
4362090220 0 0 0
4362090233 0 0 0
4362090246 0 0 0
4362090259 0 0 0
4362090272 0 0 0
4362090285 0 0 0
4362090298 5532 0 3
4362090311 36413 0 14
4362090324 68490 0 27
4362090337 134014 0 52
4362090350 15426 0 5
4362090363 0 0 0
4362090376 0 0 0
4362090389 0 0 0
4362090402 0 0 0
4362090415 0 0 0
4362090428 0 0 0
4362090441 0 0 0
4362090454 0 0 0
4362090467 0 0 0
4362090480 0 0 0
4362090493 0 0 0
4362090506 0 0 0
4362090519 0 0 0
4362090532 0 0 0
4362090545 0 0 0
4362090558 18141 0 6
4362090571 38372 0 17
4362090584 36133 0 16
4362090597 108172 0 44
4362090610 10827 0 3
4362090623 0 0 0
4362090636 0 0 0
4362090649 0 0 0
4362090662 0 0 0
4362090675 0 0 0
4362090688 0 0 0
4362090701 0 0 0
4362090714 0 0 0
4362090727 0 0 0
4362090740 0 0 0
4362090753 0 0 0
4362090766 0 0 0
4362090779 0 0 0
4362090792 0 0 0
4362090805 5055 0 2
4362090818 20184 0 10
4362090831 33023 0 13
4362090844 27847 0 14
4362090857 30248 0 28
4362090870 26491 0 18
4362090883 1101 0 1
4362090896 1593 0 6
4362090909 1026 0 1
4362090922 2162 0 1
4362090935 2856 0 7
4362090948 5587 0 13
4362090961 4134 0 3
4362090974 1259 0 4
4362090987 586 0 0
4362091000 978 0 1
4362091013 2013 0 0
4362091026 658 0 0
4362091039 802 0 0
4362091052 139 0 1
4362091065 460 50 2
4362091078 866 3 2
4362091091 339 4 1
4362091104 268 2 1
4362091117 10 3 2
4362091130 449 1 3
4362091143 132 26 0
4362091156 467 0 2
4362091169 210 13 0
4362091182 159 17 1
4362091195 552 2 1
4362091208 1075 4 0
4362091221 0 0 1
4362091234 512 0 1
4362091247 899 24 0
4362091260 0 0 0
4362091274 0 0 0
4362091287 1928 4 4
4362091300 201 14 0
4362091313 312 0 1
4362091326 233 9 0
4362091339 159 0 2
4362091352 511 0 0
4362091365 593 1 0
4362091378 49 6 0
4362091391 127 0 0
4362091404 174 0 0
4362091417 864 1 1
4362091430 506 4 2
4362091443 297 56 1
4362091456 431 50 0
4362091469 261 46 0
4362091482 287 11 1
4362091495 569 18 1
4362091508 88 1 0
4362091521 1049 40 0
4362091534 891 6 0
4362091547 733 12 1
4362091560 412 17 0
4362091573 282 2 1
4362091586 1687 7 2
4362091599 349 11 0
4362091612 631 28 1
4362091625 586 7 0
4362091638 614 8 2
4362091651 658 19 2
4362091665 277 16 1
4362091678 918 25 1
4362091691 315 0 0
4362091704 231 4 0
4362091717 263 5 1
4362091730 41 1 0
4362091743 812 21 2
4362091756 892 17 1
4362091771 519 34 0
4362091784 507 39 0
4362091797 461 41 2
4362091810 277 26 0
4362091823 654 56 1
4362091836 387 42 1
4362091849 672 55 0
4362091862 360 35 0
4362091875 1052 142 1
4362091888 891 42 0
4362091901 300 12 1
4362091914 2553 41 1
4362091927 1665 43 2
4362091940 169 24 0
4362091953 1113 118 1
4362091966 271 39 0
4362091979 333 43 0
4362091992 1643 159 2
4362092005 519 64 0
4362092021 703 50 0
4362092034 955 15 3
4362092047 202 6 2
4362092060 1247 141 1
4362092073 481 8 1
4362092086 862 35 0
4362092099 652 11 3
4362092112 763 21 0
4362092125 1315 39 1
4362092138 1181 27 0
4362092151 809 28 0
4362092164 314 24 0
4362092177 583 42 0
4362092190 40 7 0
4362092203 589 33 1
4362092216 1084 15 0
4362092229 733 67 4
4362092242 627 28 0
4362092255 297 18 0
4362092268 341 44 0
4362092281 799 69 2
4362092294 519 54 1
4362092307 587 64 1
4362092320 1900 193 2
4362092333 675 56 0
4362092346 1489 131 1
4362092359 690 88 0
4362092372 780 95 0
4362092385 802 118 0
4362092398 95 18 0
4362092411 448 99 0
4362092424 301 50 1
4362092437 144 28 0
4362092450 104 14 3
4362092463 0 0 0
4362092476 196 2 0
4362092489 491 29 0
4362092502 4 1 0
4362092515 10327 739 13
4362092528 2039 210 2
4362092541 1490 182 1
4362092554 2158 226 2
4362092567 1372 169 0
4362092580 1838 230 0
4362092593 5249 306 8
4362092606 4067 262 3
4362092619 294 21 0
4362092632 20 0 0
4362092645 280 27 0
4362092658 0 0 0
4362092671 126 5 0
4362092684 61 5 0
4362092697 64 1 0
4362092710 26 7 1
4362092723 260 7 0
4362092736 455 41 1
4362092749 984 76 2
4362092763 388 17 0
4362092776 235 12 1
4362092789 100 12 0
4362092802 40 2 0
4362092815 139 13 0
4362092829 682 71 0
4362092842 328 36 1
4362092855 212 11 0
4362092868 694 64 0
4362092881 573 47 0
4362092894 8 4 0
4362092907 429 19 5
4362092920 52 6 13
4362092933 0 0 0
4362092946 471 20 2
4362092959 118 10 0
4362092972 18070 1471 28
4362092985 11479 995 12
4362092998 38 9 0
4362093011 30 9 0
4362093024 11 4 0
4362093037 0 0 0
4362093050 0 0 0
4362093063 105 1 0
4362093076 507 10 0
4362093089 136 3 0
4362093102 0 0 0
4362093115 0 0 0
4362093128 208 14 0
4362093141 329 23 0
4362093154 0 0 0
4362093167 251 9 0
4362093180 145 41 1
4362093193 30 1 0
4362093206 383 23 0
4362093219 194 16 1
4362093232 150 9 0
4362093245 0 0 0
4362093258 112 1 1
4362093271 688 27 0
4362093284 498 19 0
4362093297 547 44 5
4362093310 223 17 1
4362093323 87 3 4
4362093336 164 18 9
4362093349 59 4 0
4362093362 113 7 0
4362093375 12 6 0
4362093388 48 4 0
4362093401 24 4 0
4362093414 24 4 0
4362093427 61 6 0
4362093440 63 4 0
4362093453 52 4 0
4362093466 31 4 0
4362093479 138 11 0
4362093492 127 9 0
4362093505 60 7 0
4362093518 268 13 0
4362093531 196 18 0
4362093544 87 6 0
4362093557 133 9 1
4362093570 138 12 0
4362093583 283 22 0
4362093596 649 18 3
4362093609 260 9 0
4362093622 278 9 0
4362093635 803 27 1
4362093648 915 33 1
4362093661 8386 566 10
4362093674 7310 625 3
4362093687 3454 273 1
4362093700 5043 402 4
4362093713 1855 133 3
4362093726 432 21 0
4362093739 83 7 0
4362093752 0 0 0
4362093765 0 0 0
4362093778 0 0 1
4362093791 228 14 3
4362093804 663 53 1
4362093817 1022 107 0
4362093830 165 14 0
4362093844 1549 139 8
4362093858 256 34 4
4362093872 95 10 0
4362093885 318 38 1
4362093898 1645 150 0
4362093911 3157 358 1
4362093925 25528 2053 32
4362093938 178 13 1
4362093951 1 3 0
4362093964 50 7 1
4362093977 130 7 0
4362093990 13 2 2
4362094003 0 0 0
4362094016 0 0 0
4362094029 6 0 0
4362094042 0 1 0
4362094055 0 0 0
4362094068 0 0 0
4362094081 115 8 0
4362094094 58 3 0
4362094107 15 3 0
4362094120 367 25 0
4362094133 304 26 0
4362094146 346 30 0
4362094159 166 10 0
4362094172 249 22 1
4362094185 172 18 0
4362094198 180 15 0
4362094211 291 21 0
4362094224 1703 170 2
4362094237 366 24 3
4362094250 249 37 1
4362094263 213 81 0
4362094276 146 11 3
4362094289 89 7 0
4362094302 3906 344 8
4362094315 5771 625 7
4362094328 1155 148 1
4362094341 894 253 2
4362094354 1097 285 3
4362094367 1514 232 4
4362094380 1175 322 1
4362094393 795 319 2
4362094406 619 210 1
4362094420 536 203 0
4362094434 542 213 4
4362094447 512 235 1
4362094460 1692 331 2
4362094473 1649 356 1
4362094486 1555 319 4
4362094499 4289 462 3
4362094512 2168 300 3
4362094525 165 26 1
4362094538 571 60 0
4362094551 455 58 1
4362094564 450 48 0
4362094577 490 89 1
4362094590 126 13 1
4362094603 528 107 3
4362094616 755 65 3
4362094629 263 18 0
4362094642 327 25 0
4362094655 29 8 0
4362094668 98 34 0
4362094681 244 36 0
4362094694 21 5 0
4362094707 46 9 0
4362094720 188 12 1
4362094733 319 34 1
4362094746 413 56 0
4362094759 57 9 0
4362094772 40 5 0
4362094785 305 38 0
4362094798 122 6 0
4362094811 76 13 0
4362094824 71 9 0
4362094837 21 5 0
4362094850 55 9 1
4362094863 208 60 0
4362094876 389 25 0
4362094889 118 4 0
4362094902 166 11 1
4362094915 186 11 0
4362094928 113 12 0
4362094941 93 9 0
4362094954 280 21 1
4362094967 0 7 0
4362094980 7 2 27
4362094993 52 9 15
4362095006 135 11 7
4362095019 60 7 0
4362095032 62 6 0
4362095045 60 5 0
4362095058 18344 1831 26
4362095071 8861 1238 13
4362095084 1456 381 3
4362095097 718 278 5
4362095110 2118 517 1
4362095123 355 76 0
4362095136 64 21 1
4362095149 272 54 0
4362095162 310 71 1
4362095175 122 46 0
4362095188 0 0 0
4362095201 122 32 1
4362095214 24 10 0
4362095227 605 102 1
4362095240 639 91 1
4362095253 34 1 0
4362095266 430 51 2
4362095280 170 16 0
4362095293 119 45 0
4362095306 164 74 2
4362095319 102 5 1
4362095332 177 23 0
4362095345 0 0 0
4362095358 73 21 2
4362095371 331 19 0
4362095384 0 0 0
4362095397 0 0 0
4362095410 31 6 0
4362095423 0 2 0
4362095436 0 0 0
4362095449 5 0 0
4362095462 52 6 0
4362095475 363 152 1
4362095488 142 49 1
4362095501 20 0 0
4362095514 57 14 1
4362095527 429 67 0
4362095540 197 36 0
4362095553 203 36 0
4362095566 329 32 1
4362095579 360 59 0
4362095592 220 34 0
4362095605 307 64 1
4362095618 644 59 4
4362095631 183 14 0
4362095644 1080 127 0
4362095657 25490 3002 47
4362095670 7000 875 10
4362095683 29 10 0
4362095696 24 8 0
4362095709 0 4 0
4362095722 0 1 0
4362095735 0 0 0
4362095748 0 0 0
4362095761 0 0 0
4362095774 0 0 0
4362095787 0 0 0
4362095800 24 5 0
4362095813 0 0 0
4362095826 39 6 0
4362095839 49 7 0
4362095852 103 12 0
4362095865 60 10 0
4362095878 57 13 0
4362095891 432 69 0
4362095904 414 38 1
4362095917 419 40 1
4362095930 0 0 0
4362095943 0 0 0
4362095956 549 75 0
4362095969 0 0 0
4362095982 0 0 0
4362095995 0 0 0
4362096008 783 64 0
4362096021 188 33 1
4362096034 243 65 0
4362096047 0 0 0
4362096060 130 28 0
4362096074 44 4 0
4362096087 148 16 0
4362096100 328 46 0
4362096113 523 69 2
4362096126 323 29 1
4362096139 958 63 1
4362096152 425 24 1
4362096165 542 39 5
4362096178 415 42 2
4362096191 9 2 0
4362096204 394 36 0
4362096217 68 12 0
4362096230 56 9 0
4362096244 7226 926 12
4362096257 2569 352 2
4362096270 457 52 1
4362096283 2900 368 7
4362096296 2358 279 6
4362096309 0 0 0
4362096322 0 0 1
4362096335 923 132 1
4362096348 2089 232 1
4362096361 2631 456 3
4362096374 420 116 3
4362096387 1043 289 1
4362096400 736 213 1
4362096413 2763 513 8
4362096426 1394 550 0
4362096439 729 278 2
4362096452 2955 399 0
4362096465 432 184 0
4362096478 783 151 0
4362096491 352 69 1
4362096504 270 37 1
4362096517 89 18 0
4362096530 134 19 1
4362096543 60 4 1
4362096556 34 4 1
4362096569 926 139 1
4362096582 47 4 0
4362096595 373 48 1
4362096608 584 81 0
4362096621 9 0 0
4362096634 296 29 2
4362096647 190 88 0
4362096660 26 6 0
4362096673 0 0 0
4362096686 0 0 0
4362096699 0 0 0
4362096712 0 0 0
4362096725 0 0 0
4362096738 0 0 0
4362096751 0 0 0
4362096764 0 0 0
4362096777 45 1 0
4362096790 80 9 0
4362096803 59 8 0
4362096816 37 8 0
4362096829 76 8 0
4362096843 0 0 0
4362096856 0 0 0
4362096869 88 7 0
4362096882 301 72 2
4362096895 0 0 0
4362096908 0 0 0
4362096921 75 7 0
4362096934 0 0 0
4362096947 28 4 1
4362096960 0 0 0
4362096973 24 6 0
4362096986 4 5 0
4362096999 59 6 0
4362097012 0 0 0
4362097025 2 1 0
4362097038 0 0 0
4362097051 212 55 3
4362097064 69 14 0
4362097077 206 39 0
4362097090 187 16 0
4362097103 290 31 0
4362097116 1380 205 4
4362097129 98 36 0
4362097142 300 104 1
4362097155 93 18 0
4362097168 0 0 0
4362097181 165 8 0
4362097194 50 8 0
4362097207 840 93 0
4362097220 496 53 7
4362097233 29 12 7
4362097246 1 0 1
4362097259 22 2 0
4362097272 702 117 5
4362097285 9535 1360 12
4362097298 1362 370 0
4362097311 1524 364 2
4362097324 3767 575 6
4362097337 34 0 0
4362097350 6741 860 7
4362097363 4637 1067 9
4362097376 1636 576 4
4362097389 1669 598 4
4362097402 1506 251 3
4362097415 163 30 1
4362097429 206 39 0
4362097442 48 18 0
4362097455 163 27 0
4362097468 15 3 0
4362097481 64 12 0
4362097494 60 18 0
4362097507 205 39 0
4362097520 160 33 1
4362097533 374 60 0
4362097546 250 44 0
4362097559 264 60 1
4362097572 201 42 0
4362097585 150 33 0
4362097598 51 7 0
4362097611 306 34 0
4362097624 235 45 0
4362097638 208 45 0
4362097651 226 35 0
4362097664 254 42 0
4362097677 23 9 0
4362097691 17 9 0
4362097705 13 6 0
4362097718 3 1 0
4362097731 0 0 0
4362097744 0 0 0
4362097757 0 0 0
4362097770 0 0 0
4362097783 0 0 0
4362097796 0 0 0
4362097809 16 5 0
4362097822 15 4 0
4362097835 26 5 0
4362097848 22 5 0
4362097861 23 5 0
4362097874 55 5 0
4362097887 19 6 0
4362097900 10 4 0
4362097914 78 10 0
4362097927 86 8 0
4362097940 73 10 0
4362097953 51 9 0
4362097966 316 34 1
4362097979 224 30 0
4362097992 169 21 0
4362098005 137 27 0
4362098019 452 69 2
4362098032 178 42 1
4362098045 694 101 1
4362098058 437 94 0
4362098071 354 69 0
4362098084 113 18 0
4362098097 256 46 2
4362098110 99 8 0
4362098123 446 58 0
4362098136 336 35 0
4362098149 0 0 0
4362098162 69 11 0
4362098175 217 32 0
4362098188 124 24 0
4362098201 53 6 0
4362098214 63 14 0
4362098227 0 0 0
4362098240 0 0 0
4362098253 0 0 0
4362098266 319 45 0
4362098279 206 20 0
4362098292 36 11 7
4362098306 92 12 0
4362098319 86 19 0
4362098332 36 10 2
4362098345 54 11 0
4362098358 3 3 0
4362098371 54 11 0
4362098384 122 25 0
4362098397 127 54 1
4362098410 0 4 0
4362098423 3 3 1
4362098436 60 10 0
4362098449 21 10 0
4362098462 114 21 5
4362098475 44 16 2
4362098488 20 4 0
4362098501 76 24 2
4362098514 48 20 4
4362098528 90 23 3
4362098541 1 0 0
4362098554 1640 127 5
4362098567 4179 734 10
4362098580 1559 476 5
4362098593 2841 654 2
4362098606 2610 421 4
4362098619 781 282 1
4362098632 568 222 3
4362098645 650 253 2
4362098658 420 175 0
4362098672 967 208 3
4362098685 1865 337 1
4362098698 1562 260 0
4362098711 2581 710 5
4362098724 847 304 1
4362098737 655 251 2
4362098750 658 265 0
4362098763 0 0 0
4362098776 692 260 0
4362098789 2801 652 3
4362098802 2337 383 3
4362098815 2202 447 4
4362098828 633 108 0
4362098841 11 7 0
4362098854 86 14 0
4362098867 0 0 0
4362098880 0 0 0
4362098893 0 0 1
4362098906 0 0 0
4362098919 0 0 0
4362098932 69 9 1
4362098945 37 10 1
4362098958 354 61 1
4362098971 31 2 0
4362098984 238 54 1
4362098998 0 2 0
4362099011 39 10 0
4362099024 0 0 0
4362099037 0 1 0
4362099050 0 0 0
4362099063 0 0 1
4362099076 0 0 0
4362099089 0 0 0
4362099102 23 7 0
4362099115 0 2 0
4362099128 134 12 0
4362099141 36 10 0
4362099154 58 7 0
4362099167 90 13 0
4362099180 805 124 0
4362099193 127 21 0
4362099206 113 15 0
4362099219 165 28 1
4362099232 117 24 0
4362099245 272 52 2
4362099258 131 29 0
4362099271 162 34 1
4362099284 86 32 0
4362099297 99 33 1
4362099310 26 8 0
4362099323 13 3 1
4362099336 85 39 1
4362099349 0 0 0
4362099362 37 8 0
4362099375 170 17 0
4362099388 65 17 0
4362099401 0 0 0
4362099414 0 0 0
4362099427 11 0 0
4362099440 40 4 1
4362099453 135 11 0
4362099466 15 8 0
4362099479 498 68 0
4362099492 298 51 0
4362099505 233 31 1
4362099518 158 14 0
4362099531 32 12 1
4362099544 117 34 0
4362099557 91 27 0
4362099570 202 58 2
4362099583 137 34 0
4362099596 299 101 0
4362099609 255 53 5
4362099622 0 0 0
4362099635 22 4 0
4362099648 367 96 1
4362099661 313 88 1
4362099674 473 125 0
4362099687 80 32 0
4362099700 528 131 0
4362099713 164 48 0
4362099726 110 29 0
4362099739 98 28 1
4362099752 178 61 2
4362099765 693 136 4
4362099778 88 8 11
4362099791 179 51 25
4362099804 21 13 32
4362099817 0 0 23
4362099830 0 0 23
4362099843 0 0 26
4362099856 0 0 25
4362099869 0 0 22
4362099882 0 0 25
4362099895 0 0 28
4362099908 0 0 26
4362099921 0 0 19
4362099934 0 0 21
4362099947 0 0 23
4362099960 0 0 17
4362099973 0 0 22
4362099986 0 0 26
4362099999 111 2 16
4362100012 17 4 0
4362100025 89 21 0
4362100038 2878 726 11
4362100051 8640 2315 27
4362100064 7185 2187 24
4362100077 1543 616 5
4362100090 494 182 1
4362100103 867 319 0
4362100116 2376 497 4
4362100129 1624 420 4
4362100142 2870 410 4
4362100155 399 146 2
4362100168 1188 260 3
4362100181 1215 281 3
4362100194 126 22 0
4362100207 206 59 1
4362100220 0 0 0
4362100233 0 0 0
4362100246 0 0 0
4362100259 0 0 0
4362100272 0 0 0
4362100285 0 0 0
4362100298 1185 249 3
4362100311 15 0 0
4362100324 0 3 0
4362100337 36 10 0
4362100350 31 10 0
4362100363 150 41 0
4362100376 141 45 0
4362100389 309 66 0
4362100402 113 25 1
4362100415 181 42 2
4362100428 183 47 0
4362100441 89 17 0
4362100454 2 4 0
4362100467 10 4 0
4362100480 6 6 0
4362100493 28 4 0
4362100506 12 4 0
4362100519 9 5 0
4362100532 2 5 1
4362100545 1 1 0
4362100558 0 0 0
4362100571 0 0 0
4362100584 0 0 0
4362100597 0 0 0
4362100610 4 1 0
4362100623 16 6 0
4362100636 18 4 0
4362100649 71 9 0
4362100662 225 33 0
4362100675 214 33 0
4362100688 99 20 0
4362100701 242 36 0
4362100714 116 30 0
4362100727 294 87 1
4362100740 291 67 0
4362100753 903 231 2
4362100766 688 239 1
4362100779 289 63 1
4362100792 69 8 0
4362100805 131 14 0
4362100818 190 42 1
4362100831 98 20 0
4362100844 149 33 0
4362100857 114 25 0
4362100870 183 33 0
4362100883 198 29 0
4362100896 184 65 1
4362100909 28 10 0
4362100922 40 13 0
4362100935 436 128 0
4362100948 0 1 0
4362100961 7 1 0
4362100974 42 11 0
4362100987 111 11 0
4362101001 56 10 0
4362101014 24 9 0
4362101027 56 6 0
4362101040 43 12 0
4362101053 49 8 0
4362101066 22 4 0
4362101079 17 4 0
4362101092 13 4 0
4362101105 0 4 0
4362101118 0 0 0
4362101131 0 0 0
4362101144 0 0 0
4362101157 0 0 0
4362101170 0 0 0
4362101183 72 35 1
4362101196 8 3 0
4362101209 35 10 0
4362101222 27 14 0
4362101235 39 9 0
4362101248 33 12 0
4362101261 503 148 1
4362101274 358 115 2
4362101287 267 66 0
4362101300 244 91 0
4362101313 328 101 2
4362101326 293 82 0
4362101339 343 90 1
4362101352 145 50 2
4362101365 276 81 0
4362101378 503 109 1
4362101391 620 158 5
4362101404 79 30 1
4362101417 244 69 3
4362101430 79 13 0
4362101444 4418 1171 16
4362101458 11309 3504 40
4362101471 3006 1004 8
4362101484 537 225 0
4362101497 726 265 5
4362101510 769 225 1
4362101523 0 0 0
4362101536 469 259 2
4362101549 347 187 0
4362101562 386 221 0
4362101575 49 29 0
4362101588 1591 306 3
4362101601 670 243 2
4362101614 707 266 1
4362101627 2118 586 4
4362101640 102 26 0
4362101653 0 0 0
4362101666 0 0 0
4362101679 0 0 0
4362101692 0 0 0
4362101705 1786 363 1
4362101718 325 74 0
4362101731 167 51 0
4362101744 172 53 3
4362101757 152 63 0
4362101770 3 12 0
4362101783 8 4 0
4362101796 20 9 0
4362101809 36 9 0
4362101822 47 12 0
4362101835 44 10 0
4362101848 55 17 0
4362101861 74 27 0
4362101874 100 33 0
4362101887 104 32 0
4362101900 95 36 2
4362101913 48 20 0
4362101926 132 30 0
4362101939 93 38 0
4362101952 90 27 0
4362101965 112 32 0
4362101978 126 27 0
4362101991 165 45 0
4362102004 86 24 0
4362102017 80 14 0
4362102030 17 6 0
4362102043 29 17 0
4362102057 48 11 0
4362102070 15 3 0
4362102083 25 8 0
4362102096 20 9 0
4362102109 14 9 0
4362102122 33 7 0
4362102135 11 8 0
4362102148 0 5 0
4362102161 0 0 0
4362102174 0 0 0
4362102187 72 23 0
4362102200 2 2 0
4362102213 0 0 0
4362102226 0 0 0
4362102239 3 0 0
4362102252 17 8 0
4362102265 53 20 1
4362102278 66 29 0
4362102291 88 33 0
4362102304 45 27 0
4362102317 71 36 0
4362102330 73 32 0
4362102343 78 36 0
4362102356 97 34 0
4362102369 63 30 0
4362102382 82 36 1
4362102395 71 29 0
4362102408 98 36 1
4362102421 49 33 0
4362102434 102 37 1
4362102447 139 86 1
4362102460 198 90 1
4362102473 52 38 0
4362102486 63 36 0
4362102499 32 24 0
4362102512 76 30 1
4362102525 60 35 0
4362102538 192 92 0
4362102551 974 309 3
4362102564 124 36 0
4362102577 121 33 1
4362102590 115 35 0
4362102603 85 35 0
4362102616 149 46 0
4362102629 119 33 1
4362102642 119 35 1
4362102655 129 39 0
4362102668 87 36 0
4362102681 108 56 0
4362102694 97 43 0
4362102707 134 40 0
4362102720 93 36 0
4362102733 110 35 0
4362102746 169 57 0
4362102759 274 117 0
4362102772 372 111 1
4362102785 443 220 1
4362102798 80 34 0
4362102811 101 39 0
4362102824 78 39 0
4362102837 75 32 0
4362102850 85 35 0
4362102863 116 39 0
4362102876 82 35 0
4362102889 59 36 0
4362102902 70 33 0
4362102915 43 34 0
4362102928 145 43 0
4362102941 44 26 0
4362102954 118 44 0
4362102968 100 39 2
4362102981 117 63 2
4362102994 92 41 0
4362103007 116 36 0
4362103020 82 38 0
4362103033 71 36 0
4362103046 60 32 0
4362103059 120 36 0
4362103072 40 9 0
4362103085 32 9 0
4362103098 18 6 0
4362103111 15 6 0
4362103124 3 2 0
4362103137 11 9 0
4362103150 18 8 0
4362103163 8 9 0
4362103176 37 12 0
4362103189 25 7 0
4362103202 32 9 0
4362103215 26 9 0
4362103228 15 9 0
4362103241 29 11 0
4362103254 60 18 0
4362103267 33 18 0
4362103280 31 12 3
4362103293 43 12 0
4362103306 20 9 0
4362103319 51 14 0
4362103332 24 9 0
4362103345 28 12 0
4362103358 29 9 0
4362103371 54 15 0
4362103384 36 17 0
4362103397 77 27 0
4362103410 68 27 0
4362103423 61 27 0
4362103436 73 26 0
4362103449 55 29 0
4362103462 81 27 0
4362103475 54 26 0
4362103488 71 37 0
4362103501 105 35 0
4362103514 42 24 0
4362103527 66 29 1
4362103540 99 39 0
4362103553 80 32 2
4362103566 77 30 0
4362103579 100 30 0
4362103592 99 36 2
4362103605 66 27 0
4362103618 101 30 0
4362103631 28 23 0
4362103644 101 39 1
4362103657 27 9 0
4362103670 14 8 0
4362103683 19 9 0
4362103696 18 12 0
4362103709 25 17 0
4362103722 13 9 0
4362103735 18 9 0
4362103749 13 9 0
4362103762 18 14 0
4362103775 37 15 0
4362103788 23 9 0
4362103801 30 6 0
4362103814 4 9 1
4362103827 1711 648 7
4362103840 54 24 0
4362103853 142 57 1
4362103866 140 59 1
4362103879 133 54 0
4362103892 53 14 1
4362103905 78 33 1
4362103918 32 16 0
4362103931 136 67 1
4362103944 140 81 1
4362103957 484 192 2
4362103970 256 90 0
4362103983 382 143 0
4362103996 388 153 0
4362104009 564 248 1
4362104022 57 7 6
4362104035 15 8 0
4362104048 64 22 3
4362104061 7 14 3
4362104074 96 11 0
4362104087 48 19 0
4362104100 0 6 0
4362104113 64 39 1
4362104126 0 2 0
4362104139 1 10 1
4362104152 14 11 5
4362104165 2 0 3
4362104178 26 17 10
4362104191 35 21 1
4362104204 17 8 10
4362104217 0 0 1
4362104230 0 0 0
4362104243 0 0 0
4362104256 0 0 0
4362104269 5 0 5
4362104282 32 8 0
4362104295 23 10 0
4362104309 4009 1511 16
4362104322 4395 2091 13
4362104336 1708 1070 6
4362104350 838 512 4
4362104363 777 284 2
4362104376 659 281 1
4362104389 567 510 3
4362104402 316 296 2
4362104415 737 400 2
4362104428 2433 913 7
4362104441 344 216 1
4362104454 635 333 6
4362104467 1109 550 4
4362104480 1126 286 3
4362104493 0 0 1
4362104506 0 0 1
4362104519 0 0 0
4362104532 0 0 3
4362104545 0 0 2
4362104558 0 0 1
4362104571 5118 1675 20
4362104584 3272 1485 16
4362104597 738 516 2
4362104610 1155 681 4
4362104623 2267 1111 4
4362104636 67 35 0
4362104649 72 33 0
4362104662 213 123 0
4362104675 108 42 0
4362104688 134 74 1
4362104701 101 54 1
4362104714 56 41 0
4362104727 83 37 0
4362104740 52 36 0
4362104753 335 201 2
4362104766 13 9 0
4362104779 30 12 1
4362104792 0 4 0
4362104805 0 3 0
4362104818 5 4 0
4362104831 0 0 0
4362104844 0 0 1
4362104857 0 0 0
4362104870 1 0 0
4362104883 0 0 0
4362104896 0 0 0
4362104909 0 0 0
4362104922 0 0 0
4362104935 0 0 0
4362104948 0 0 0
4362104961 0 0 1
4362104974 40 29 0
4362104987 335 271 1
4362105000 250 201 0
4362105013 215 73 1
4362105026 11 4 0
4362105039 248 119 1
4362105052 0 0 0
4362105066 302 112 2
4362105080 20 19 0
4362105093 46 30 0
4362105106 272 144 0
4362105119 71 30 0
4362105132 70 36 0
4362105145 250 119 0
4362105158 81 33 0
4362105171 74 33 0
4362105184 242 118 3
4362105197 63 31 1
4362105210 57 35 0
4362105223 158 93 2
4362105236 156 79 0
4362105249 30 16 0
4362105262 0 0 0
4362105275 0 0 0
4362105288 10 6 0
4362105301 54 35 0
4362105314 163 82 1
4362105327 57 29 1
4362105340 0 0 0
4362105353 0 0 0
4362105366 0 0 0
4362105379 17 15 0
4362105392 434 216 1
4362105405 77 38 0
4362105418 240 115 0
4362105431 53 31 0
4362105444 197 131 0
4362105457 67 34 0
4362105470 57 45 0
4362105483 259 153 1
4362105496 75 30 0
4362105509 124 73 2
4362105522 204 109 0
4362105535 77 42 1
4362105548 42 42 0
4362105561 161 109 0
4362105574 186 143 1
4362105587 53 29 0
4362105600 62 36 0
4362105613 57 32 0
4362105626 237 178 1
4362105639 33 27 1
4362105652 7 6 0
4362105665 61 31 1
4362105678 257 179 0
4362105691 210 135 1
4362105705 24 11 0
4362105718 0 1 0
4362105731 125 91 1
4362105744 11 5 0
4362105757 4 6 0
4362105770 3 2 0
4362105783 1 1 0
4362105796 70 38 0
4362105809 282 121 1
4362105822 178 101 1
4362105836 130 85 1
4362105849 0 0 0
4362105862 0 0 0
4362105875 110 94 1
4362105888 244 187 2
4362105901 75 28 0
4362105914 31 6 0
4362105927 19 16 0
4362105940 386 231 0
4362105953 0 0 0
4362105966 402 226 2
4362105979 39 27 0
4362105992 15 5 0
4362106005 13 13 0
4362106018 44 28 0
4362106031 258 188 1
4362106044 128 114 0
4362106057 38 42 0
4362106070 162 132 0
4362106083 41 33 1
4362106096 304 188 2
4362106109 57 36 0
4362106122 52 36 0
4362106135 119 143 1
4362106148 17 13 1
4362106161 147 113 2
4362106174 78 42 0
4362106187 13 22 0
4362106200 0 1 0
4362106213 0 0 0
4362106226 0 0 0
4362106239 296 120 2
4362106252 14 6 0
4362106265 10 7 0
4362106278 13 10 0
4362106291 61 29 0
4362106304 23 12 0
4362106317 305 245 2
4362106330 23 21 1
4362106343 16 16 0
4362106356 175 138 1
4362106369 85 74 0
4362106382 105 74 0
4362106395 77 71 1
4362106408 259 182 1
4362106421 27 25 1
4362106434 103 90 1
4362106447 95 79 2
4362106460 96 78 1
4362106473 449 298 2
4362106486 57 35 0
4362106499 160 110 0
4362106512 13 9 0
4362106525 201 119 0
4362106538 119 93 1
4362106551 404 315 1
4362106564 218 132 1
4362106578 4 1 2
4362106591 139 74 4
4362106604 10 5 1
4362106617 113 85 2
4362106630 2638 1615 15
4362106643 1226 894 4
4362106656 856 698 7
4362106669 98 63 0
4362106682 669 472 3
4362106695 199 94 0
4362106708 266 141 2
4362106721 136 102 0
4362106734 517 673 3
4362106747 594 397 3
4362106760 625 438 4
4362106773 740 437 2
4362106786 404 276 2
4362106799 1183 827 4
4362106812 648 493 4
4362106825 387 230 1
4362106838 0 0 0
4362106851 0 0 0
4362106864 0 0 0
4362106877 720 479 6
4362106890 2054 1059 7
4362106903 699 410 0
4362106916 965 662 3
4362106929 1817 1423 13
4362106942 1104 766 6
4362106955 768 360 3
4362106968 110 83 0
4362106981 1299 906 8
4362106994 481 490 1
4362107007 592 430 2
4362107020 508 342 2
4362107033 1745 959 10
4362107046 1390 827 7
4362107059 307 211 3
4362107072 244 141 3
4362107085 226 158 0
4362107098 227 142 2
4362107111 308 180 0
4362107124 226 135 0
4362107137 237 148 1
4362107150 125 75 0
4362107163 106 54 0
4362107176 82 54 5
4362107189 130 59 0
4362107202 65 56 3
4362107215 69 57 0
4362107228 69 48 2
4362107241 58 58 0
4362107254 82 51 0
4362107267 53 51 0
4362107280 59 53 0
4362107293 76 54 0
4362107306 52 38 0
4362107319 62 36 0
4362107332 66 41 1
4362107345 65 51 1
4362107358 58 33 0
4362107371 72 48 0
4362107384 1888 1309 15
4362107397 25 15 0
4362107410 20 12 0
4362107423 19 14 0
4362107436 17 6 0
4362107449 6 7 0
4362107462 0 4 0
4362107475 0 4 0
4362107488 0 4 1
4362107501 1 4 0
4362107514 0 2 0
4362107527 123 117 0
4362107541 0 0 0
4362107554 0 0 0
4362107567 0 0 0
4362107580 0 0 0
4362107593 62 64 0
4362107606 0 0 0
4362107619 0 0 0
4362107632 0 0 1
4362107645 198 292 1
4362107658 258 145 1
4362107671 165 65 3
4362107684 343 224 2
4362107697 127 60 0
4362107710 8 8 0
4362107723 74 78 0
4362107736 174 150 2
4362107749 192 174 0
4362107762 178 138 1
4362107775 374 218 3
4362107788 195 132 1
4362107801 66 49 0
4362107814 69 36 0
4362107827 42 34 1
4362107840 120 50 1
4362107853 51 34 0
4362107866 50 34 0
4362107879 55 41 0
4362107892 64 44 0
4362107905 75 36 1
4362107918 85 38 1
4362107931 56 38 0
4362107944 63 35 0
4362107957 71 35 0
4362107970 76 38 0
4362107983 62 35 0
4362107996 71 37 0
4362108009 64 32 0
4362108022 49 34 1
4362108035 79 45 0
4362108049 57 39 0
4362108062 12 15 0
4362108075 3 9 0
4362108088 16 10 0
4362108101 12 8 2
4362108114 9 8 0
4362108127 19 12 0
4362108140 5 9 0
4362108153 20 12 0
4362108166 5 9 2
4362108179 10 9 0
4362108192 3 6 0
4362108205 20 8 0
4362108218 6 9 0
4362108231 16 8 0
4362108244 10 9 0
4362108257 21 9 0
4362108270 8 9 0
4362108283 19 12 0
4362108296 18 10 0
4362108309 30 11 0
4362108322 20 8 0
4362108335 16 12 1
4362108348 29 25 0
4362108361 779 584 4
4362108374 57 29 0
4362108387 50 35 0
4362108400 110 79 1
4362108413 130 141 0
4362108426 383 268 0
4362108439 388 265 2
4362108452 157 149 0
4362108465 121 133 1
4362108479 137 175 3
4362108492 489 271 2
4362108505 136 88 1
4362108518 96 87 0
4362108531 160 127 2
4362108544 90 103 1
4362108557 38 37 0
4362108570 34 35 0
4362108583 33 42 0
4362108596 29 36 0
4362108609 36 49 1
4362108622 55 61 1
4362108635 45 38 0
4362108648 1072 988 9
4362108661 357 369 2
4362108674 985 689 5
4362108687 1007 748 7
4362108700 248 150 1
4362108713 555 690 5
4362108726 441 413 3
4362108740 1443 1462 16
4362108753 951 777 6
4362108766 216 224 2
4362108779 273 376 3
4362108792 502 393 4
4362108805 721 500 2
4362108818 859 525 2
4362108831 0 0 0
4362108844 0 0 0
4362108857 0 0 0
4362108870 0 0 0
4362108883 0 0 0
4362108896 102 100 0
4362108909 1394 1058 7
4362108922 603 629 1
4362108935 1442 972 6
4362108948 706 405 2
4362108961 0 0 0
4362108974 546 570 4
4362108987 1385 1142 10
4362109000 921 809 7
4362109013 1099 891 8
4362109026 288 315 3
4362109039 512 519 5
4362109052 568 399 2
4362109065 1014 728 7
4362109078 544 274 1
4362109091 0 0 0
4362109104 0 0 0
4362109117 0 0 0
4362109130 0 0 0
4362109143 0 0 0
4362109156 9 7 0
4362109169 1060 729 8
4362109182 686 593 2
4362109195 1265 790 6
4362109208 574 301 2
4362109221 111 101 1
4362109234 321 301 1
4362109247 1309 998 7
4362109260 486 280 2
4362109273 719 602 6
4362109286 400 296 1
4362109299 567 421 2
4362109312 504 326 3
4362109325 1023 586 4
4362109338 252 129 2
4362109351 0 0 0
4362109364 0 0 0
4362109377 0 0 0
4362109390 0 0 0
4362109403 0 0 0
4362109416 104 53 0
4362109429 558 366 2
4362109442 746 501 5
4362109455 1041 525 7
4362109468 363 167 2
4362109481 204 158 0
4362109494 133 147 1
4362109508 1580 947 7
4362109521 0 0 0
4362109534 379 217 1
4362109547 383 264 0
4362109560 717 492 2
4362109573 617 333 5
4362109586 562 223 0
4362109599 0 0 0
4362109612 0 0 0
4362109625 0 0 0
4362109638 0 0 0
4362109651 0 0 0
4362109664 0 0 0
4362109677 50 21 0
4362109690 246 124 1
4362109703 1008 610 7
4362109716 1099 516 4
4362109729 0 0 0
4362109742 329 248 0
4362109755 2 8 2
4362109768 890 527 4
4362109781 0 0 0
4362109794 377 218 3
4362109807 393 232 3
4362109820 502 301 5
4362109833 857 420 4
4362109846 91 32 0
4362109859 0 0 0
4362109872 0 0 0
4362109885 0 0 0
4362109898 0 0 0
4362109911 0 0 0
4362109924 0 0 0
4362109937 0 0 0
4362109950 0 0 0
4362109963 738 405 9
4362109976 774 383 3
4362109989 0 0 0
4362110002 0 0 0
4362110015 262 144 1
4362110028 467 309 4
4362110041 0 0 0
4362110054 478 237 5
4362110067 312 158 5
4362110080 38 13 3
4362110093 602 238 3
4362110106 0 0 0
4362110119 0 0 0
4362110132 0 0 0
4362110145 0 0 0
4362110158 0 0 0
4362110171 0 0 0
4362110184 0 0 0
4362110197 0 0 0
4362110210 0 0 0
4362110224 1072 426 5
4362110237 0 0 0
4362110250 0 0 0
4362110263 0 0 0
4362110276 251 108 3
4362110289 415 196 2
4362110302 0 0 0
4362110315 390 178 2
4362110328 0 0 0
4362110341 3 4 3
4362110354 0 0 0
4362110367 0 0 0
4362110380 0 0 0
4362110393 0 0 0
4362110406 0 0 0
4362110419 0 0 0
4362110432 0 0 0
4362110445 0 0 0
4362110458 0 0 0
4362110471 4 16 5
4362110485 371 215 3
4362110498 0 0 0
4362110511 0 0 0
4362110524 0 0 0
4362110537 2 8 2
4362110551 0 0 0
4362110564 334 161 1
4362110577 0 0 0
4362110590 0 0 0
4362110603 0 0 0
4362110616 0 0 0
4362110629 0 0 0
4362110642 0 0 0
4362110655 0 0 0
4362110668 0 0 0
4362110681 0 0 0
4362110694 0 0 0
4362110707 0 0 0
4362110720 0 0 0
4362110733 335 172 2
4362110746 0 0 0
4362110759 0 0 0
4362110772 0 0 0
4362110785 0 0 0
4362110798 0 0 0
4362110811 0 0 0
4362110824 0 0 0
4362110837 0 0 0
4362110850 0 0 0
4362110863 0 0 0
4362110876 0 0 0
4362110889 0 0 0
4362110902 0 0 0
4362110915 0 0 0
4362110928 0 0 0
4362110941 0 0 0
4362110954 0 0 0
4362110967 0 0 0
4362110980 0 0 0
4362110994 0 0 0
4362111007 0 0 0
4362111020 0 0 0
4362111033 0 0 0
4362111046 0 0 0
4362111059 0 0 0
4362111072 0 0 0
4362111085 0 0 0
4362111098 0 0 0
4362111111 0 0 0
4362111124 0 0 0
4362111137 0 0 0
4362111150 0 0 0
4362111163 0 0 0
4362111176 0 0 0
4362111189 0 0 0
4362111202 0 0 0
4362111215 0 0 0
4362111228 0 0 0
4362111241 0 0 0
4362111254 0 0 0
4362111267 0 0 0
4362111280 0 0 0
4362111293 0 0 0
4362111306 0 0 0
4362111319 0 0 0
4362111332 0 0 0
4362111345 0 0 0
4362111358 0 0 0
4362111371 0 0 0
4362111384 0 0 0
4362111397 0 0 0
4362111410 0 0 0
4362111423 0 0 0
4362111436 0 0 0
4362111449 0 0 0
4362111462 0 0 0
4362111475 0 0 0
4362111488 0 0 0
4362111501 0 0 0
4362111514 0 0 0
4362111527 0 0 0
4362111540 0 0 0
4362111553 0 0 0
4362111566 0 0 0
4362111579 0 0 0
4362111592 0 0 0
4362111605 0 0 0
4362111618 0 0 0
4362111631 0 0 0
4362111644 0 0 0
4362111657 0 0 0
4362111670 0 0 0
4362111683 0 0 0
4362111696 0 0 0
4362111709 0 0 0
4362111722 0 0 0
4362111735 0 0 0
4362111748 0 0 0
4362111761 0 0 0
4362111774 0 0 0
4362111787 0 0 0
4362111800 0 0 0
4362111813 0 0 0
4362111826 0 0 0
4362111839 0 0 0
4362111852 0 0 0
4362111865 0 0 0
4362111878 0 0 0
4362111891 0 0 0
4362111904 0 0 0
4362111917 0 0 0
4362111930 0 0 0
4362111943 0 0 0
4362111956 0 0 0
4362111969 0 0 0
4362111982 0 0 0
4362111995 0 0 0
4362112008 0 0 0
4362112021 0 0 0
4362112034 0 0 0
4362112047 0 0 0
4362112060 0 0 0
4362112073 0 0 0
4362112086 0 0 0
4362112099 0 0 0
4362112112 0 0 0
4362112125 0 0 0
4362112138 0 0 0
4362112151 0 0 0
4362112164 0 0 0
4362112177 0 0 0
4362112190 0 0 0
4362112203 0 0 0
4362112216 0 0 0
4362112229 0 0 0
4362112242 0 0 0
4362112255 0 0 0
4362112268 0 0 0
4362112281 0 0 0
4362112294 0 0 0
4362112307 0 0 0
4362112320 0 0 0
4362112333 0 0 0
4362112346 0 0 0
4362112359 0 0 0
4362112372 0 0 0
4362112385 0 0 0
4362112398 0 0 0
4362112411 0 0 0
4362112424 0 0 0
4362112437 0 0 0
4362112450 0 0 0
4362112463 0 0 0
4362112476 0 0 0
4362112489 0 0 0
4362112502 0 0 0
4362112515 0 0 0
4362112528 0 0 0
4362112541 0 0 0
4362112554 0 0 0
4362112567 0 0 0
4362112580 0 0 0
4362112593 0 0 0
4362112606 0 0 0
4362112619 0 0 0
4362112632 0 0 0
4362112645 0 0 0
4362112658 0 0 0
4362112671 0 0 0
4362112684 0 0 0
4362112697 0 0 0
4362112710 0 0 0
4362112723 0 0 0
4362112736 0 0 0
4362112749 0 0 0
4362112762 0 0 0
4362112775 0 0 0
4362112788 0 0 0
4362112801 0 0 0
4362112814 0 0 0
4362112827 0 0 0
4362112840 0 0 0
4362112853 0 0 0
4362112866 0 0 0
4362112879 0 0 0
4362112892 0 0 0
4362112905 0 0 0
4362112918 0 0 0
4362112931 0 0 0
4362112944 0 0 0
4362112957 0 0 0
4362112970 0 0 0
4362112983 0 0 0
4362112996 0 0 0
4362113009 0 0 0
4362113022 0 0 0
4362113035 0 0 0
4362113048 0 0 0
4362113061 0 0 0
4362113074 0 0 0
4362113087 0 0 0
4362113100 0 0 0
4362113113 0 0 0
4362113126 0 0 0
4362113139 0 0 0
4362113152 0 0 0
4362113165 0 0 0
4362113178 0 0 0
4362113191 0 0 0
4362113204 0 0 0
4362113217 0 0 0
4362113230 0 0 0
4362113243 0 0 0
4362113256 0 0 0
4362113269 0 0 0
4362113282 0 0 0
4362113295 0 0 0
4362113308 0 0 0
4362113321 0 0 0
4362113334 0 0 0
4362113347 0 0 0
4362113360 0 0 0
4362113373 0 0 0
4362113386 0 0 0
4362113399 0 0 0
4362113412 0 0 0
4362113425 0 0 0
4362113438 0 0 0
4362113451 0 0 0
4362113464 0 0 0
4362113477 0 0 0
4362113490 0 0 0
4362113503 0 0 0
4362113516 0 0 0
4362113529 0 0 0
4362113542 0 0 0
4362113555 0 0 0
4362113568 0 0 0
4362113581 0 0 0
4362113594 0 0 0
4362113607 0 0 0
4362113620 0 0 0
4362113633 0 0 0
4362113646 0 0 0
4362113659 0 0 0
4362113672 0 0 0
4362113685 0 0 0
4362113698 0 0 0
4362113711 0 0 0
4362113724 0 0 0
4362113737 0 0 0
4362113750 0 0 0
4362113763 0 0 0
4362113776 0 0 0
4362113789 0 0 0
4362113802 0 0 0
4362113815 0 0 0
4362113828 0 0 0
4362113841 0 0 0
4362113854 0 0 0
4362113867 0 0 0
4362113880 0 0 0
4362113893 0 0 0
4362113906 0 0 0
4362113919 0 0 0
4362113932 0 0 0
4362113945 0 0 0
4362113958 0 0 0
4362113971 0 0 0
4362113984 0 0 0
4362113997 0 0 0
4362114010 0 0 0
4362114023 0 0 0
4362114036 0 0 0
4362114049 0 0 0
4362114062 0 0 0
4362114075 0 0 0
4362114088 0 0 0
4362114101 0 0 0
4362114114 0 0 0
4362114127 0 0 0
4362114140 0 0 0
4362114153 0 0 0
4362114166 0 0 0
4362114179 0 0 0
4362114192 0 0 0
4362114205 0 0 0
4362114218 0 0 0
4362114231 0 0 0
4362114244 0 0 0
4362114257 0 0 0
4362114270 0 0 0
4362114283 0 0 0
4362114296 0 0 0
4362114309 0 0 0
4362114322 0 0 0
4362114335 0 0 0
4362114348 0 0 0
4362114361 0 0 0
read 2557 profiled data
