4362442426 0 0 0
4362442439 0 0 0
4362442452 0 0 0
4362442465 0 0 0
4362442478 0 0 0
4362442491 0 0 0
4362442504 0 0 0
4362442517 0 0 0
4362442530 0 0 0
4362442543 0 0 0
4362442556 0 0 0
4362442569 0 0 0
4362442582 0 0 0
4362442595 0 0 0
4362442608 0 0 0
4362442621 0 0 0
4362442634 0 0 0
4362442647 0 0 0
4362442660 0 0 0
4362442673 0 0 0
4362442686 0 0 0
4362442699 0 0 0
4362442712 0 0 0
4362442725 0 0 0
4362442738 0 0 0
4362442751 0 0 0
4362442764 0 0 0
4362442777 0 0 0
4362442790 0 0 0
4362442803 0 0 0
4362442816 0 0 0
4362442829 0 0 0
4362442842 0 0 0
4362442855 0 0 0
4362442868 0 0 0
4362442881 0 0 0
4362442894 0 0 0
4362442907 0 0 0
4362442920 0 0 0
4362442933 0 0 0
4362442946 0 0 0
4362442959 0 0 0
4362442972 0 0 0
4362442985 0 0 0
4362442998 0 0 0
4362443011 0 0 0
4362443024 0 0 0
4362443037 0 0 0
4362443050 0 0 0
4362443063 0 0 0
4362443076 0 0 0
4362443089 0 0 0
4362443102 0 0 0
4362443115 0 0 0
4362443128 0 0 0
4362443141 0 0 0
4362443154 0 0 0
4362443167 0 0 0
4362443180 0 0 0
4362443193 0 0 0
4362443206 0 0 0
4362443219 0 0 0
4362443232 0 0 0
4362443245 0 0 0
4362443258 0 0 0
4362443271 0 0 0
4362443284 0 0 0
4362443297 0 0 0
4362443310 0 0 0
4362443323 0 0 0
4362443336 0 0 0
4362443349 0 0 0
4362443362 0 0 0
4362443375 0 0 0
4362443388 0 0 0
4362443401 0 0 0
4362443414 0 0 0
4362443427 0 0 0
4362443440 0 0 0
4362443453 0 0 0
4362443466 0 0 0
4362443479 0 0 0
4362443492 0 0 0
4362443505 0 0 0
4362443518 0 0 0
4362443531 0 0 0
4362443544 0 0 0
4362443557 0 0 0
4362443570 0 0 0
4362443583 0 0 0
4362443596 0 0 0
4362443609 0 0 0
4362443622 0 0 0
4362443635 0 0 0
4362443648 0 0 0
4362443661 0 0 0
4362443674 0 0 0
4362443687 0 0 0
4362443700 0 0 0
4362443713 0 0 0
4362443726 0 0 0
4362443739 0 0 0
4362443752 0 0 0
4362443765 0 0 0
4362443778 0 0 0
4362443791 0 0 0
4362443804 0 0 0
4362443817 0 0 0
4362443830 0 0 0
4362443843 0 0 0
4362443856 0 0 0
4362443869 0 0 0
4362443882 0 0 0
4362443895 0 0 0
4362443908 0 0 0
4362443921 0 0 0
4362443934 0 0 0
4362443947 0 0 0
4362443960 0 0 0
4362443973 0 0 0
4362443986 0 0 0
4362443999 0 0 0
4362444012 0 0 0
4362444025 0 0 0
4362444038 0 0 0
4362444051 0 0 0
4362444064 0 0 0
4362444077 0 0 0
4362444090 0 0 0
4362444103 0 0 0
4362444116 0 0 0
4362444129 0 0 0
4362444142 0 0 0
4362444155 0 0 0
4362444168 0 0 0
4362444181 0 0 0
4362444194 0 0 0
4362444207 0 0 0
4362444220 0 0 0
4362444233 0 0 0
4362444246 0 0 0
4362444259 0 0 0
4362444272 0 0 0
4362444285 0 0 0
4362444298 0 0 0
4362444311 0 0 0
4362444324 0 0 0
4362444337 0 0 0
4362444350 0 0 0
4362444363 0 0 0
4362444376 0 0 0
4362444389 0 0 0
4362444402 0 0 0
4362444415 0 0 0
4362444428 0 0 0
4362444441 0 0 0
4362444454 0 0 0
4362444467 0 0 0
4362444480 0 0 0
4362444493 0 0 0
4362444506 0 0 0
4362444519 0 0 0
4362444532 0 0 0
4362444545 0 0 0
4362444558 0 0 0
4362444571 0 0 0
4362444584 0 0 0
4362444597 0 0 0
4362444610 0 0 0
4362444623 0 0 0
4362444636 0 0 0
4362444649 0 0 0
4362444662 0 0 0
4362444675 0 0 0
4362444688 0 0 0
4362444701 0 0 0
4362444714 0 0 0
4362444727 0 0 0
4362444740 0 0 0
4362444753 0 0 0
4362444766 0 0 0
4362444779 0 0 0
4362444792 0 0 0
4362444805 0 0 0
4362444818 0 0 0
4362444831 0 0 0
4362444844 0 0 0
4362444857 0 0 0
4362444870 0 0 0
4362444883 0 0 0
4362444896 0 0 0
4362444909 0 0 0
4362444922 0 0 0
4362444935 0 0 0
4362444948 0 0 0
4362444961 0 0 0
4362444974 0 0 0
4362444987 0 0 0
4362445000 0 0 0
4362445013 0 0 0
4362445026 0 0 0
4362445039 0 0 0
4362445052 0 0 0
4362445065 0 0 0
4362445078 0 0 0
4362445091 0 0 0
4362445104 0 0 0
4362445117 0 0 0
4362445130 0 0 0
4362445143 0 0 0
4362445156 0 0 0
4362445169 0 0 0
4362445182 0 0 0
4362445195 0 0 0
4362445208 0 0 0
4362445221 0 0 0
4362445234 0 0 0
4362445247 0 0 0
4362445260 0 0 0
4362445273 0 0 0
4362445286 0 0 0
4362445299 0 0 0
4362445312 0 0 0
4362445325 0 0 0
4362445338 0 0 0
4362445351 0 0 0
4362445364 0 0 0
4362445377 0 0 0
4362445390 0 0 0
4362445403 0 0 0
4362445416 0 0 0
4362445429 0 0 0
4362445442 0 0 0
4362445455 0 0 0
4362445468 0 0 0
4362445481 0 0 0
4362445494 0 0 0
4362445507 0 0 0
4362445520 0 0 0
4362445533 0 0 0
4362445546 0 0 0
4362445559 0 0 0
4362445572 0 0 0
4362445585 0 0 0
4362445598 0 0 0
4362445611 0 0 0
4362445624 0 0 0
4362445637 0 0 0
4362445650 0 0 0
4362445663 0 0 0
4362445676 0 0 0
4362445689 0 0 0
4362445702 0 0 0
4362445715 0 0 0
4362445728 0 0 0
4362445741 0 0 0
4362445754 0 0 0
4362445767 0 0 0
4362445780 0 0 0
4362445793 0 0 0
4362445806 0 0 0
4362445819 0 0 0
4362445832 0 0 0
4362445845 0 0 0
4362445858 0 0 0
4362445871 0 0 0
4362445884 0 0 0
4362445897 0 0 0
4362445910 0 0 0
4362445923 0 0 0
4362445936 0 0 0
4362445949 0 0 0
4362445962 0 0 0
4362445975 0 0 0
4362445988 0 0 0
4362446001 0 0 0
4362446014 0 0 0
4362446027 0 0 0
4362446040 0 0 0
4362446053 0 0 0
4362446066 0 0 0
4362446079 0 0 0
4362446092 0 0 0
4362446105 0 0 0
4362446118 0 0 0
4362446131 0 0 0
4362446144 0 0 0
4362446157 0 0 0
4362446170 0 0 0
4362446183 0 0 0
4362446196 0 0 0
4362446209 389 0 1
4362446222 46744 0 16
4362446235 0 0 0
4362446248 0 0 0
4362446261 0 0 0
4362446274 0 0 0
4362446287 0 0 0
4362446300 0 0 0
4362446313 0 0 0
4362446326 0 0 0
4362446339 0 0 0
4362446352 0 0 0
4362446365 0 0 0
4362446378 0 0 0
4362446391 0 0 0
4362446404 0 0 0
4362446417 0 0 0
4362446430 0 0 0
4362446443 0 0 0
4362446456 0 0 0
4362446469 35173 0 15
4362446482 1952 0 0
4362446495 0 0 0
4362446508 0 0 0
4362446521 0 0 0
4362446534 0 0 0
4362446547 0 0 0
4362446560 0 0 0
4362446573 0 0 0
4362446586 0 0 0
4362446599 0 0 0
4362446612 0 0 0
4362446625 0 0 0
4362446638 0 0 0
4362446651 0 0 0
4362446664 0 0 0
4362446677 0 0 0
4362446690 0 0 0
4362446703 0 0 0
4362446718 5549 0 3
4362446731 24686 0 12
4362446744 0 0 0
4362446757 0 0 0
4362446770 0 0 0
4362446783 0 0 0
4362446796 0 0 0
4362446809 0 0 0
4362446822 0 0 0
4362446835 0 0 0
4362446848 0 0 0
4362446861 0 0 0
4362446874 0 0 0
4362446887 0 0 0
4362446900 0 0 0
4362446913 0 0 0
4362446926 0 0 0
4362446939 0 0 0
4362446952 0 0 0
4362446965 0 0 0
4362446978 25275 0 11
4362446991 0 0 0
4362447004 0 0 0
4362447017 0 0 0
4362447030 0 0 0
4362447043 0 0 0
4362447056 0 0 0
4362447069 0 0 0
4362447082 0 0 0
4362447095 0 0 0
4362447108 0 0 0
4362447121 0 0 0
4362447134 0 0 0
4362447147 0 0 0
4362447160 0 0 0
4362447173 0 0 0
4362447186 0 0 0
4362447199 0 0 0
4362447212 0 0 0
4362447225 7994 0 5
4362447238 12506 0 5
4362447251 0 0 0
4362447264 0 0 0
4362447277 0 0 0
4362447290 0 0 0
4362447303 0 0 0
4362447316 0 0 0
4362447329 0 0 0
4362447342 0 0 0
4362447355 0 0 0
4362447368 0 0 0
4362447381 0 0 0
4362447394 0 0 0
4362447407 0 0 0
4362447420 0 0 0
4362447433 0 0 0
4362447446 0 0 0
4362447459 0 0 0
4362447472 0 0 0
4362447485 17190 0 6
4362447498 0 0 0
4362447511 0 0 0
4362447524 0 0 0
4362447537 0 0 0
4362447550 0 0 0
4362447563 0 0 0
4362447576 0 0 0
4362447589 0 0 0
4362447602 0 0 0
4362447615 0 0 0
4362447628 0 0 0
4362447641 0 0 0
4362447654 0 0 0
4362447667 0 0 0
4362447680 0 0 0
4362447693 0 0 0
4362447706 0 0 0
4362447719 0 0 0
4362447732 14035 0 10
4362447745 0 0 0
4362447758 0 0 0
4362447771 0 0 0
4362447784 0 0 0
4362447797 0 0 0
4362447810 0 0 0
4362447823 0 0 0
4362447836 0 0 0
4362447849 0 0 0
4362447862 0 0 0
4362447875 0 0 0
4362447888 0 0 0
4362447901 0 0 0
4362447914 0 0 0
4362447927 0 0 0
4362447940 0 0 0
4362447953 0 0 0
4362447966 0 0 0
4362447979 2315 0 1
4362447992 9260 0 4
4362448005 0 0 0
4362448018 0 0 0
4362448031 0 0 0
4362448044 0 0 0
4362448057 0 0 0
4362448070 0 0 0
4362448083 0 0 0
4362448096 0 0 0
4362448109 0 0 0
4362448122 0 0 0
4362448135 0 0 0
4362448148 0 0 0
4362448161 0 0 0
4362448174 0 0 0
4362448187 0 0 0
4362448200 0 0 0
4362448213 0 0 0
4362448226 0 0 0
4362448239 9370 0 5
4362448252 0 0 0
4362448265 0 0 0
4362448278 0 0 0
4362448291 0 0 0
4362448304 0 0 0
4362448317 0 0 0
4362448330 0 0 0
4362448343 0 0 0
4362448356 0 0 0
4362448369 0 0 0
4362448382 0 0 0
4362448395 0 0 0
4362448408 0 0 0
4362448421 0 0 0
4362448434 0 0 0
4362448447 0 0 0
4362448460 0 0 0
4362448473 0 0 0
4362448486 8010 0 5
4362448499 0 0 0
4362448512 0 0 0
4362448525 0 0 0
4362448538 0 0 0
4362448551 0 0 0
4362448564 0 0 0
4362448577 0 0 0
4362448590 0 0 0
4362448603 0 0 0
4362448616 0 0 0
4362448629 0 0 0
4362448642 0 0 0
4362448655 0 0 0
4362448668 0 0 0
4362448681 0 0 0
4362448694 0 0 0
4362448707 0 0 0
4362448720 0 0 0
4362448733 2815 0 3
4362448746 3445 0 2
4362448759 0 0 0
4362448772 0 0 0
4362448785 0 0 0
4362448798 0 0 0
4362448811 0 0 0
4362448824 0 0 0
4362448837 0 0 0
4362448850 0 0 0
4362448863 0 0 0
4362448876 0 0 0
4362448889 0 0 0
4362448902 0 0 0
4362448915 0 0 0
4362448928 0 0 0
4362448941 0 0 0
4362448954 0 0 0
4362448967 0 0 0
4362448980 982 0 1
4362448993 3928 0 2
4362449006 0 0 0
4362449019 0 0 0
4362449032 0 0 0
4362449045 0 0 0
4362449058 0 0 0
4362449071 0 0 0
4362449084 0 0 0
4362449097 0 0 0
4362449110 0 0 0
4362449123 0 0 0
4362449136 0 0 0
4362449149 0 0 0
4362449162 0 0 0
4362449175 0 0 0
4362449188 0 0 0
4362449201 0 0 0
4362449214 0 0 0
4362449227 0 0 0
4362449240 4485 0 3
4362449253 0 0 0
4362449266 0 0 0
4362449279 0 0 0
4362449292 0 0 0
4362449305 0 0 0
4362449318 0 0 0
4362449331 0 0 0
4362449344 0 0 0
4362449357 0 0 0
4362449370 0 0 0
4362449383 0 0 0
4362449396 0 0 0
4362449409 0 0 0
4362449422 0 0 0
4362449435 0 0 0
4362449448 0 0 0
4362449461 0 0 0
4362449474 0 0 0
4362449487 3378 0 4
4362449500 227 0 0
4362449513 0 0 0
4362449526 0 0 0
4362449539 0 0 0
4362449552 0 0 0
4362449565 0 0 0
4362449578 0 0 0
4362449591 0 0 0
4362449604 0 0 0
4362449617 0 0 0
4362449630 0 0 0
4362449643 0 0 0
4362449656 0 0 0
4362449669 0 0 0
4362449682 0 0 0
4362449695 0 0 0
4362449708 0 0 0
4362449721 0 0 0
4362449734 621 0 1
4362449747 2484 0 2
4362449760 0 0 0
4362449773 0 0 0
4362449786 0 0 0
4362449799 0 0 0
4362449812 0 0 0
4362449825 0 0 0
4362449838 0 0 0
4362449851 0 0 0
4362449864 0 0 0
4362449877 0 0 0
4362449890 0 0 0
4362449903 0 0 0
4362449916 0 0 0
4362449929 0 0 0
4362449942 0 0 0
4362449955 0 0 0
4362449968 0 0 0
4362449981 0 0 0
4362449994 2405 0 5
4362450007 0 0 0
4362450020 0 0 0
4362450033 0 0 0
4362450046 0 0 0
4362450059 0 0 0
4362450072 0 0 0
4362450085 0 0 0
4362450098 0 0 0
4362450111 0 0 0
4362450124 0 0 0
4362450137 0 0 0
4362450150 0 0 0
4362450163 0 0 0
4362450176 0 0 0
4362450189 0 0 0
4362450202 0 0 0
4362450215 0 0 0
4362450228 0 0 0
4362450241 1990 0 2
4362450254 0 0 0
4362450267 0 0 0
4362450280 0 0 0
4362450293 0 0 0
4362450306 0 0 0
4362450319 0 0 0
4362450332 0 0 0
4362450345 0 0 0
4362450358 0 0 0
4362450371 0 0 0
4362450384 0 0 0
4362450397 0 0 0
4362450410 0 0 0
4362450423 0 0 0
4362450436 0 0 0
4362450449 0 0 0
4362450462 0 0 0
4362450475 0 0 0
4362450488 993 0 2
4362450501 742 0 1
4362450514 0 0 0
4362450527 0 0 0
4362450540 0 0 0
4362450553 0 0 0
4362450566 0 0 0
4362450579 0 0 0
4362450592 0 0 0
4362450605 0 0 0
4362450618 0 0 0
4362450631 0 0 0
4362450644 0 0 0
4362450657 0 0 0
4362450670 0 0 0
4362450683 0 0 0
4362450696 0 0 0
4362450709 0 0 0
4362450722 0 0 0
4362450735 249 0 0
4362450748 996 0 2
4362450761 0 0 0
4362450774 0 0 0
4362450787 0 0 0
4362450800 0 0 0
4362450813 0 0 0
4362450826 0 0 0
4362450839 0 0 0
4362450852 0 0 0
4362450865 0 0 0
4362450878 0 0 0
4362450891 0 0 0
4362450904 0 0 0
4362450917 0 0 0
4362450930 0 0 0
4362450943 0 0 0
4362450956 0 0 0
4362450969 0 0 0
4362450982 0 0 0
4362450995 1185 0 3
4362451008 0 0 0
4362451021 0 0 0
4362451034 0 0 0
4362451047 0 0 0
4362451060 0 0 0
4362451073 0 0 0
4362451086 0 0 0
4362451099 0 0 0
4362451112 0 0 0
4362451125 0 0 0
4362451138 0 0 0
4362451151 0 0 0
4362451164 0 0 0
4362451177 0 0 0
4362451190 0 0 0
4362451203 0 0 0
4362451216 0 0 0
4362451229 0 0 0
4362451242 0 0 9
4362451255 0 0 0
4362451268 0 0 0
4362451281 0 0 0
4362451294 0 0 0
4362451307 0 0 0
4362451320 0 0 0
4362451333 0 0 0
4362451346 0 0 0
4362451359 0 0 0
4362451372 0 0 0
4362451385 0 0 0
4362451398 0 0 0
4362451411 0 0 0
4362451424 0 0 0
4362451437 0 0 0
4362451450 0 0 0
4362451463 0 0 0
4362451476 0 0 0
4362451489 0 0 0
4362451502 0 0 0
4362451515 0 0 0
4362451528 0 0 0
4362451541 0 0 0
4362451554 0 0 0
4362451567 0 0 0
4362451580 0 0 0
4362451593 0 0 0
4362451606 0 0 0
4362451619 0 0 0
4362451632 0 0 0
4362451645 0 0 0
4362451658 0 0 0
4362451671 0 0 0
4362451684 0 0 0
4362451697 0 0 0
4362451710 0 0 0
4362451723 0 0 0
4362451736 0 0 0
4362451749 0 0 0
4362451762 0 0 0
4362451775 0 0 0
4362451788 0 0 0
4362451801 0 0 0
4362451814 0 0 0
4362451827 0 0 0
4362451840 0 0 0
4362451853 0 0 0
4362451866 0 0 0
4362451879 0 0 0
4362451892 0 0 0
4362451905 0 0 0
4362451918 0 0 0
4362451931 0 0 0
4362451944 0 0 0
4362451957 0 0 0
4362451970 0 0 0
4362451983 0 0 0
4362451996 0 0 0
4362452009 0 0 0
4362452022 0 0 0
4362452035 0 0 0
4362452048 0 0 0
4362452061 0 0 0
4362452074 0 0 0
4362452087 0 0 0
4362452100 0 0 0
4362452113 0 0 0
4362452126 0 0 0
4362452139 0 0 0
4362452152 0 0 0
4362452165 0 0 0
4362452178 0 0 0
4362452191 0 0 0
4362452204 0 0 0
4362452217 0 0 0
4362452230 0 0 0
4362452243 0 0 0
4362452256 0 0 0
4362452269 0 0 0
4362452282 0 0 0
4362452295 0 0 0
4362452308 0 0 0
4362452321 0 0 0
4362452334 0 0 0
4362452347 0 0 0
4362452360 0 0 0
4362452373 0 0 0
4362452386 0 0 0
4362452399 0 0 0
4362452412 0 0 0
4362452425 0 0 0
4362452438 0 0 0
4362452451 0 0 0
4362452464 0 0 0
4362452477 0 0 0
4362452490 0 0 0
4362452503 0 0 0
4362452516 0 0 0
4362452529 0 0 0
4362452542 0 0 0
4362452555 0 0 0
4362452568 0 0 0
4362452581 0 0 0
4362452594 0 0 0
4362452607 0 0 0
4362452620 0 0 0
4362452633 0 0 0
4362452646 0 0 0
4362452659 0 0 0
4362452672 0 0 0
4362452685 0 0 0
4362452698 0 0 0
4362452711 0 0 0
4362452724 0 0 0
4362452737 0 0 0
4362452750 0 0 0
4362452763 0 0 0
4362452776 0 0 0
4362452789 0 0 0
4362452802 0 0 0
4362452815 0 0 0
4362452828 0 0 0
4362452841 0 0 0
4362452854 0 0 0
4362452867 0 0 0
4362452880 0 0 0
4362452893 0 0 0
4362452906 0 0 0
4362452919 0 0 0
4362452932 0 0 0
4362452945 0 0 0
4362452958 0 0 0
4362452971 0 0 0
4362452984 0 0 0
4362452997 0 0 0
4362453010 0 0 0
4362453023 0 0 0
4362453036 0 0 0
4362453049 0 0 0
4362453062 0 0 0
4362453075 0 0 0
4362453088 0 0 0
4362453101 0 0 0
4362453114 0 0 0
4362453127 0 0 0
4362453140 0 0 0
4362453153 0 0 0
4362453166 0 0 0
4362453179 0 0 0
4362453192 0 0 0
4362453205 0 0 0
4362453218 0 0 0
4362453231 0 0 0
4362453244 0 0 0
4362453257 0 0 0
4362453270 0 0 0
4362453283 0 0 0
4362453296 0 0 0
4362453309 0 0 0
4362453322 0 0 0
4362453335 0 0 0
4362453348 0 0 0
4362453361 0 0 0
4362453374 0 0 0
4362453387 0 0 0
4362453400 0 0 0
4362453413 0 0 0
4362453426 0 0 0
4362453439 0 0 0
4362453452 0 0 0
4362453465 0 0 0
4362453478 0 0 0
4362453491 0 0 0
4362453504 0 0 0
4362453517 0 0 0
4362453530 0 0 0
4362453543 0 0 0
4362453556 0 0 0
4362453569 0 0 0
4362453582 0 0 0
4362453595 0 0 0
4362453608 0 0 0
4362453621 0 0 0
4362453634 0 0 0
4362453647 0 0 0
4362453660 0 0 0
4362453673 0 0 0
4362453686 0 0 0
4362453699 0 0 0
4362453712 0 0 0
4362453725 0 0 0
4362453738 0 0 0
4362453751 0 0 0
4362453764 0 0 0
4362453777 0 0 0
4362453790 0 0 0
4362453803 0 0 0
4362453816 0 0 0
4362453829 0 0 0
4362453842 0 0 0
4362453855 0 0 0
4362453868 0 0 0
4362453881 0 0 0
4362453894 0 0 0
4362453907 0 0 0
4362453920 0 0 0
4362453933 0 0 0
4362453946 0 0 0
4362453959 0 0 0
4362453972 0 0 0
4362453985 0 0 0
4362453998 0 0 0
4362454011 0 0 0
4362454024 0 0 0
4362454037 0 0 0
4362454050 0 0 0
4362454063 0 0 0
4362454076 0 0 0
4362454089 0 0 0
4362454102 0 0 0
4362454115 0 0 0
4362454128 0 0 0
4362454141 0 0 0
4362454154 0 0 0
read 903 profiled data
