4362527155 0 0 0
4362527168 0 0 0
4362527181 0 0 0
4362527194 0 0 0
4362527207 0 0 0
4362527220 0 0 0
4362527233 0 0 0
4362527246 0 0 0
4362527259 0 0 0
4362527272 0 0 0
4362527285 0 0 0
4362527298 0 0 0
4362527311 0 0 0
4362527324 0 0 0
4362527337 0 0 0
4362527350 0 0 0
4362527363 0 0 0
4362527376 0 0 0
4362527389 0 0 0
4362527402 0 0 0
4362527415 0 0 0
4362527428 0 0 0
4362527441 0 0 0
4362527454 0 0 0
4362527467 0 0 0
4362527480 0 0 0
4362527493 0 0 0
4362527506 0 0 0
4362527519 0 0 0
4362527532 0 0 0
4362527545 0 0 0
4362527558 0 0 0
4362527571 0 0 0
4362527584 0 0 0
4362527597 0 0 0
4362527610 0 0 0
4362527623 0 0 0
4362527636 0 0 0
4362527649 0 0 0
4362527662 0 0 0
4362527675 0 0 0
4362527688 0 0 0
4362527701 0 0 0
4362527714 0 0 0
4362527727 0 0 0
4362527740 0 0 0
4362527753 0 0 0
4362527766 0 0 0
4362527779 0 0 0
4362527792 0 0 0
4362527805 0 0 0
4362527818 0 0 0
4362527831 0 0 0
4362527844 0 0 0
4362527857 0 0 0
4362527870 0 0 0
4362527883 0 0 0
4362527896 0 0 0
4362527909 0 0 0
4362527922 0 0 0
4362527935 0 0 0
4362527948 0 0 0
4362527961 0 0 0
4362527974 0 0 0
4362527987 0 0 0
4362528000 0 0 0
4362528013 0 0 0
4362528026 0 0 0
4362528039 0 0 0
4362528052 0 0 0
4362528065 0 0 0
4362528078 0 0 0
4362528091 0 0 0
4362528104 0 0 0
4362528117 0 0 0
4362528130 0 0 0
4362528143 0 0 0
4362528156 0 0 0
4362528169 0 0 0
4362528182 0 0 0
4362528195 0 0 0
4362528208 0 0 0
4362528221 0 0 0
4362528234 0 0 0
4362528247 0 0 0
4362528260 0 0 0
4362528273 0 0 0
4362528286 0 0 0
4362528299 0 0 0
4362528312 0 0 0
4362528325 0 0 0
4362528338 0 0 0
4362528351 0 0 0
4362528364 0 0 0
4362528377 0 0 0
4362528390 0 0 0
4362528403 0 0 0
4362528416 0 0 0
4362528429 0 0 0
4362528442 0 0 0
4362528455 0 0 0
4362528468 0 0 0
4362528481 0 0 0
4362528494 0 0 0
4362528507 0 0 0
4362528520 0 0 0
4362528533 0 0 0
4362528546 0 0 0
4362528559 0 0 0
4362528572 0 0 0
4362528585 0 0 0
4362528598 0 0 0
4362528611 0 0 0
4362528624 0 0 0
4362528637 0 0 0
4362528650 0 0 0
4362528663 0 0 0
4362528676 0 0 0
4362528689 0 0 0
4362528702 0 0 0
4362528715 0 0 0
4362528728 0 0 0
4362528741 0 0 0
4362528754 0 0 0
4362528767 0 0 0
4362528780 0 0 0
4362528793 0 0 0
4362528806 0 0 0
4362528819 0 0 0
4362528832 0 0 0
4362528845 0 0 0
4362528858 0 0 0
4362528871 0 0 0
4362528884 0 0 0
4362528897 0 0 0
4362528910 0 0 0
4362528923 0 0 0
4362528936 0 0 0
4362528949 0 0 0
4362528962 0 0 0
4362528975 0 0 0
4362528988 0 0 0
4362529001 0 0 0
4362529014 0 0 0
4362529027 0 0 0
4362529040 0 0 0
4362529053 0 0 0
4362529066 0 0 0
4362529079 0 0 0
4362529092 0 0 0
4362529105 0 0 0
4362529118 0 0 0
4362529131 0 0 0
4362529144 0 0 0
4362529157 0 0 0
4362529170 0 0 0
4362529183 0 0 0
4362529196 0 0 0
4362529209 0 0 0
4362529222 0 0 0
4362529235 0 0 0
4362529248 0 0 0
4362529261 0 0 0
4362529274 0 0 0
4362529287 0 0 0
4362529300 0 0 0
4362529313 0 0 0
4362529326 0 0 0
4362529339 0 0 0
4362529352 0 0 0
4362529365 0 0 0
4362529378 0 0 0
4362529391 0 0 0
4362529404 0 0 0
4362529417 0 0 0
4362529430 0 0 0
4362529443 0 0 0
4362529456 0 0 0
4362529469 0 0 0
4362529482 0 0 0
4362529495 0 0 0
4362529508 0 0 0
4362529521 0 0 0
4362529534 0 0 0
4362529547 0 0 0
4362529560 0 0 0
4362529573 0 0 0
4362529586 0 0 0
4362529599 0 0 0
4362529612 0 0 0
4362529625 0 0 0
4362529638 0 0 0
4362529651 0 0 0
4362529664 0 0 0
4362529677 0 0 0
4362529690 0 0 0
4362529703 0 0 0
4362529716 0 0 0
4362529729 0 0 0
4362529742 0 0 0
4362529755 0 0 0
4362529768 0 0 0
4362529781 0 0 0
4362529794 0 0 0
4362529807 0 0 0
4362529820 0 0 0
4362529833 0 0 0
4362529846 0 0 0
4362529859 0 0 0
4362529872 0 0 0
4362529885 0 0 0
4362529898 0 0 0
4362529911 0 0 0
4362529924 0 0 0
4362529937 0 0 0
4362529950 0 0 0
4362529963 0 0 0
4362529976 0 0 0
4362529989 0 0 0
4362530002 0 0 0
4362530015 0 0 0
4362530028 0 0 0
4362530041 0 0 0
4362530054 0 0 0
4362530067 0 0 0
4362530080 0 0 0
4362530093 0 0 0
4362530106 0 0 0
4362530119 0 0 0
4362530132 0 0 0
4362530145 0 0 0
4362530158 0 0 0
4362530171 0 0 0
4362530184 0 0 0
4362530197 0 0 0
4362530210 0 0 0
4362530223 0 0 0
4362530236 0 0 0
4362530249 0 0 0
4362530262 0 0 0
4362530275 0 0 0
4362530288 0 0 0
4362530301 0 0 0
4362530314 0 0 0
4362530327 0 0 0
4362530340 0 0 0
4362530353 0 0 0
4362530366 0 0 0
4362530379 0 0 0
4362530392 0 0 0
4362530405 0 0 0
4362530418 0 0 0
4362530431 0 0 0
4362530444 0 0 0
4362530457 0 0 0
4362530470 0 0 0
4362530483 0 0 0
4362530496 0 0 0
4362530509 0 0 0
4362530522 0 0 0
4362530535 0 0 0
4362530548 0 0 0
4362530561 0 0 0
4362530574 0 0 0
4362530587 0 0 0
4362530600 0 0 0
4362530613 0 0 0
4362530626 0 0 0
4362530639 0 0 0
4362530652 0 0 0
4362530665 0 0 0
4362530678 0 0 0
4362530691 0 0 0
4362530704 0 0 0
4362530717 0 0 0
4362530730 0 0 0
4362530743 0 0 0
4362530756 0 0 0
4362530769 0 0 0
4362530782 0 0 0
4362530795 0 0 0
4362530808 0 0 0
4362530821 0 0 0
4362530834 0 0 0
4362530847 0 0 0
4362530860 0 0 0
4362530873 0 0 0
4362530886 0 0 0
4362530899 0 0 0
4362530912 0 0 0
4362530925 0 0 0
4362530938 0 0 0
4362530951 0 0 0
4362530964 0 0 0
4362530977 0 0 0
4362530990 0 0 0
4362531003 0 0 0
4362531016 0 0 0
4362531029 0 0 0
4362531042 0 0 0
4362531055 0 0 0
4362531068 0 0 0
4362531081 0 0 0
4362531094 0 0 0
4362531107 0 0 0
4362531120 0 0 0
4362531133 0 0 0
4362531146 0 0 0
4362531159 0 0 0
4362531172 0 0 0
4362531185 0 0 0
4362531198 0 0 0
4362531211 0 0 0
4362531224 0 0 0
4362531237 0 0 0
4362531250 0 0 0
4362531263 0 0 0
4362531276 0 0 0
4362531289 0 0 0
4362531302 0 0 0
4362531315 0 0 0
4362531328 0 0 0
4362531341 0 0 0
4362531354 0 0 0
4362531367 0 0 0
4362531380 0 0 0
4362531393 0 0 0
4362531406 0 0 0
4362531419 0 0 0
4362531432 0 0 0
4362531445 0 0 0
4362531458 0 0 0
4362531471 0 0 0
4362531484 0 0 0
4362531497 0 0 0
4362531510 0 0 0
4362531523 0 0 0
4362531536 0 0 0
4362531549 0 0 0
4362531562 0 0 0
4362531575 0 0 0
4362531588 0 0 0
4362531601 0 0 0
4362531614 0 0 0
4362531627 0 0 0
4362531640 0 0 0
4362531653 0 0 0
4362531666 0 0 0
4362531679 0 0 0
4362531692 0 0 0
4362531705 0 0 0
4362531718 0 0 0
4362531731 0 0 0
4362531744 0 0 0
4362531757 0 0 0
4362531770 0 0 0
4362531783 0 0 0
4362531796 0 0 0
4362531809 0 0 0
4362531822 0 0 0
4362531835 0 0 0
4362531848 0 0 0
4362531861 0 0 0
4362531874 0 0 0
4362531887 0 0 0
4362531900 0 0 0
4362531913 0 0 0
4362531926 0 0 0
4362531939 0 0 0
4362531952 0 0 0
4362531965 0 0 0
4362531978 0 0 0
4362531991 0 0 0
4362532004 0 0 0
4362532017 0 0 0
4362532030 0 0 0
4362532043 0 0 0
4362532056 0 0 0
4362532069 0 0 0
4362532082 0 0 0
4362532095 0 0 0
4362532108 0 0 0
4362532121 0 0 0
4362532134 0 0 0
4362532147 0 0 0
4362532160 0 0 0
4362532173 0 0 0
4362532186 0 0 0
4362532199 0 0 0
4362532212 0 0 0
4362532225 0 0 0
4362532238 0 0 0
4362532251 0 0 0
4362532264 0 0 0
4362532277 0 0 0
4362532290 0 0 0
4362532303 0 0 0
4362532316 0 0 0
4362532329 0 0 0
4362532342 0 0 0
4362532355 0 0 0
4362532368 0 0 0
4362532381 0 0 0
4362532394 0 0 0
4362532407 0 0 0
4362532420 0 0 0
4362532433 0 0 0
4362532446 0 0 0
4362532459 0 0 0
4362532472 0 0 0
4362532485 0 0 0
4362532498 0 0 0
4362532511 0 0 0
4362532524 0 0 0
4362532537 0 0 0
4362532550 0 0 0
4362532563 0 0 0
4362532576 0 0 0
4362532589 0 0 0
4362532602 0 0 0
4362532615 0 0 0
4362532628 0 0 0
4362532641 0 0 0
4362532654 0 0 0
4362532667 0 0 0
4362532680 0 0 0
4362532693 0 0 0
4362532706 0 0 0
4362532719 0 0 0
4362532732 0 0 0
4362532745 0 0 0
4362532758 0 0 0
4362532771 0 0 0
4362532784 0 0 0
4362532797 0 0 0
4362532810 0 0 0
4362532823 0 0 0
4362532836 0 0 0
4362532849 0 0 0
4362532862 0 0 0
4362532875 0 0 0
4362532888 0 0 0
4362532901 0 0 0
4362532914 0 0 0
4362532927 0 0 0
4362532940 0 0 0
4362532953 0 0 0
4362532966 0 0 0
4362532979 0 0 0
4362532992 0 0 0
4362533005 0 0 0
4362533018 0 0 0
4362533031 0 0 0
4362533044 0 0 0
4362533057 0 0 0
4362533070 0 0 0
4362533083 0 0 0
4362533096 0 0 0
4362533109 0 0 0
4362533122 0 0 0
4362533135 0 0 0
4362533148 0 0 0
4362533161 0 0 0
4362533174 0 0 0
4362533187 0 0 0
4362533200 0 0 0
4362533213 0 0 0
4362533226 0 0 0
4362533239 0 0 0
4362533252 0 0 0
4362533265 0 0 0
4362533278 0 0 0
4362533291 0 0 0
4362533304 0 0 0
4362533317 0 0 0
4362533330 0 0 0
4362533343 0 0 0
4362533356 0 0 0
4362533369 0 0 0
4362533382 0 0 0
4362533395 0 0 0
4362533408 0 0 0
4362533421 0 0 0
4362533434 0 0 0
4362533447 0 0 0
4362533460 0 0 0
4362533473 0 0 0
4362533486 0 0 0
4362533499 0 0 0
4362533512 0 0 0
4362533525 0 0 0
4362533538 0 0 0
4362533551 0 0 0
4362533564 0 0 0
4362533577 0 0 0
4362533590 0 0 0
4362533603 0 0 0
4362533616 0 0 0
4362533629 0 0 0
4362533642 0 0 0
4362533655 0 0 0
4362533668 0 0 0
4362533681 0 0 0
4362533694 0 0 0
4362533707 0 0 0
4362533720 0 0 0
4362533733 0 0 0
4362533746 0 0 0
4362533759 0 0 0
4362533772 0 0 0
4362533785 0 0 0
4362533798 0 0 0
4362533811 0 0 0
4362533824 0 0 0
4362533837 0 0 0
4362533850 0 0 0
4362533863 0 0 0
4362533876 0 0 0
4362533889 0 0 0
4362533902 0 0 0
4362533915 0 0 0
4362533928 0 0 0
4362533941 0 0 0
4362533954 0 0 0
4362533967 0 0 0
4362533980 0 0 0
4362533993 0 0 0
4362534006 0 0 0
4362534019 0 0 0
4362534032 0 0 0
4362534045 0 0 0
4362534058 0 0 0
4362534071 0 0 0
4362534084 0 0 0
4362534097 0 0 0
4362534110 0 0 0
4362534123 0 0 0
4362534136 0 0 0
4362534149 0 0 0
4362534162 0 0 0
4362534175 0 0 0
4362534188 0 0 0
4362534201 0 0 0
4362534214 0 0 0
4362534227 0 0 0
4362534240 0 0 0
4362534253 0 0 0
4362534266 0 0 0
4362534279 0 0 0
4362534292 0 0 0
4362534305 0 0 0
4362534318 0 0 0
4362534331 0 0 0
4362534344 0 0 0
4362534357 0 0 0
4362534370 0 0 0
4362534383 0 0 0
4362534396 0 0 0
4362534409 0 0 0
4362534422 0 0 0
4362534435 0 0 0
4362534448 0 0 0
4362534461 0 0 0
4362534474 0 0 0
4362534487 0 0 0
4362534500 0 0 0
4362534513 0 0 0
4362534526 0 0 0
4362534539 0 0 0
4362534552 0 0 0
4362534565 0 0 0
4362534578 0 0 0
4362534591 0 0 0
4362534604 0 0 0
4362534617 0 0 0
4362534630 0 0 0
4362534643 0 0 0
4362534656 0 0 0
4362534669 0 0 0
4362534682 0 0 0
4362534695 0 0 0
4362534708 0 0 0
4362534721 0 0 0
4362534734 0 0 0
4362534747 0 0 0
4362534760 0 0 0
4362534773 0 0 0
4362534786 0 0 0
4362534799 0 0 0
4362534812 0 0 0
4362534825 0 0 0
4362534838 0 0 0
4362534851 0 0 0
4362534864 0 0 0
4362534877 0 0 0
4362534890 0 0 0
4362534903 0 0 0
4362534916 0 0 0
4362534929 0 0 0
4362534942 0 0 0
4362534955 0 0 0
4362534968 0 0 0
4362534981 0 0 0
4362534994 0 0 0
4362535007 0 0 0
4362535020 0 0 0
4362535033 0 0 0
4362535046 0 0 0
4362535059 0 0 0
4362535072 0 0 0
4362535085 0 0 0
4362535098 0 0 0
4362535111 0 0 0
4362535124 0 0 0
4362535137 0 0 0
4362535150 0 0 0
4362535163 0 0 0
4362535176 0 0 0
4362535189 0 0 0
4362535202 0 0 0
4362535215 0 0 0
4362535228 0 0 0
4362535241 0 0 0
4362535254 0 0 0
4362535267 0 0 0
4362535280 0 0 0
4362535293 0 0 0
4362535306 0 0 0
4362535319 0 0 0
4362535332 0 0 0
4362535345 0 0 0
4362535358 0 0 0
4362535371 0 0 0
4362535384 0 0 0
4362535397 0 0 0
4362535410 0 0 0
4362535423 0 0 0
4362535436 0 0 0
4362535449 0 0 0
4362535462 0 0 0
4362535475 0 0 0
4362535488 0 0 0
4362535501 0 0 0
4362535514 0 0 0
4362535527 0 0 0
4362535540 0 0 0
4362535553 0 0 0
4362535566 0 0 0
4362535579 0 0 0
4362535592 0 0 0
4362535605 0 0 0
4362535618 0 0 0
4362535631 0 0 0
4362535644 0 0 0
4362535657 0 0 0
4362535670 0 0 0
4362535683 0 0 0
4362535696 0 0 0
4362535709 0 0 0
4362535722 0 0 0
4362535735 0 0 0
4362535748 0 0 0
4362535761 0 0 0
4362535774 0 0 0
4362535787 0 0 0
4362535800 0 0 0
4362535813 0 0 0
4362535826 0 0 0
4362535839 0 0 0
4362535852 0 0 0
4362535865 0 0 0
4362535878 0 0 0
4362535891 0 0 0
4362535904 0 0 0
4362535917 0 0 0
4362535930 0 0 0
4362535943 0 0 0
4362535956 0 0 0
4362535969 0 0 0
4362535982 0 0 0
4362535995 0 0 0
4362536008 0 0 0
4362536021 0 0 0
4362536034 0 0 0
4362536047 0 0 0
4362536060 0 0 0
4362536073 0 0 0
4362536086 0 0 0
4362536099 0 0 0
4362536112 0 0 0
4362536125 0 0 0
4362536138 0 0 0
4362536151 0 0 0
4362536164 0 0 0
4362536177 0 0 0
4362536190 0 0 0
4362536203 0 0 0
4362536216 0 0 0
4362536229 0 0 0
4362536242 0 0 0
4362536255 0 0 0
4362536268 0 0 0
4362536281 0 0 0
4362536294 0 0 0
4362536307 0 0 0
4362536320 0 0 0
4362536333 0 0 0
4362536346 0 0 0
4362536359 0 0 0
4362536372 0 0 0
4362536385 0 0 0
4362536398 0 0 0
4362536411 0 0 0
4362536424 0 0 0
4362536437 0 0 0
4362536450 0 0 0
4362536463 0 0 0
4362536476 0 0 0
4362536489 0 0 0
4362536502 0 0 0
4362536515 0 0 0
4362536528 0 0 0
4362536541 0 0 0
4362536554 0 0 0
4362536567 0 0 0
4362536580 0 0 0
4362536593 0 0 0
4362536606 0 0 0
4362536619 0 0 0
4362536632 0 0 0
4362536645 0 0 0
4362536658 0 0 0
4362536671 0 0 0
4362536684 0 0 0
4362536697 0 0 0
4362536710 0 0 0
4362536723 0 0 0
4362536736 0 0 0
4362536749 0 0 0
4362536762 0 0 0
4362536775 0 0 0
4362536788 0 0 0
4362536801 0 0 0
4362536814 0 0 0
4362536827 0 0 0
4362536840 0 0 0
4362536853 0 0 0
4362536866 0 0 0
4362536879 0 0 0
4362536892 0 0 0
4362536905 0 0 0
4362536918 0 0 0
4362536931 0 0 0
4362536944 0 0 0
4362536957 0 0 0
4362536970 0 0 0
4362536983 0 0 0
4362536996 0 0 0
4362537009 0 0 0
4362537022 0 0 0
4362537035 0 0 0
4362537048 0 0 0
4362537061 0 0 0
4362537074 0 0 0
4362537087 0 0 0
4362537100 0 0 0
4362537113 0 0 0
4362537126 0 0 0
4362537139 0 0 0
4362537152 0 0 0
4362537165 0 0 0
4362537178 0 0 0
4362537191 0 0 0
4362537204 0 0 0
4362537217 0 0 0
4362537230 0 0 0
4362537243 0 0 0
4362537256 0 0 0
4362537269 0 0 0
4362537282 0 0 0
4362537295 0 0 0
4362537308 0 0 0
4362537321 0 0 0
4362537334 0 0 0
4362537347 0 0 0
4362537360 0 0 0
4362537373 0 0 0
4362537386 0 0 0
4362537399 0 0 0
4362537412 0 0 0
4362537425 0 0 0
4362537438 0 0 0
4362537451 0 0 0
4362537464 0 0 0
4362537477 0 0 0
4362537490 0 0 0
4362537503 0 0 0
4362537516 0 0 0
4362537529 0 0 0
4362537542 0 0 0
4362537555 0 0 0
4362537568 0 0 0
4362537581 0 0 0
4362537594 0 0 0
4362537607 0 0 0
4362537620 0 0 0
4362537633 0 0 0
4362537646 0 0 0
4362537659 0 0 0
4362537672 0 0 0
4362537685 0 0 0
4362537698 0 0 0
4362537711 0 0 0
4362537724 0 0 0
4362537737 0 0 0
4362537750 0 0 0
4362537763 0 0 0
4362537776 0 0 0
4362537789 0 0 0
4362537802 0 0 0
4362537815 0 0 0
4362537828 0 0 0
4362537841 0 0 0
4362537854 0 0 0
4362537867 0 0 0
4362537880 0 0 0
4362537893 0 0 0
4362537906 0 0 0
4362537919 0 0 0
4362537932 0 0 0
4362537945 0 0 0
4362537958 0 0 0
4362537971 0 0 0
4362537984 0 0 0
4362537997 0 0 0
4362538010 0 0 0
4362538023 0 0 0
4362538036 0 0 0
4362538049 0 0 0
4362538062 0 0 0
4362538075 0 0 0
4362538088 0 0 0
4362538101 0 0 0
4362538114 0 0 0
4362538127 0 0 0
4362538140 0 0 0
4362538153 0 0 0
4362538166 0 0 0
4362538179 0 0 0
4362538192 0 0 0
4362538205 0 0 0
4362538218 0 0 0
4362538231 0 0 0
4362538244 0 0 0
4362538257 0 0 0
4362538270 0 0 0
4362538283 0 0 0
4362538296 0 0 0
4362538309 0 0 0
4362538322 0 0 0
4362538335 0 0 0
4362538348 0 0 0
4362538361 0 0 0
4362538374 0 0 0
4362538387 0 0 0
4362538400 0 0 0
4362538413 0 0 0
4362538426 0 0 0
4362538439 0 0 0
4362538452 0 0 0
4362538465 0 0 0
4362538478 0 0 0
4362538491 0 0 0
4362538504 0 0 0
4362538517 0 0 0
4362538530 0 0 0
4362538543 0 0 0
4362538556 0 0 0
4362538569 0 0 0
4362538582 0 0 0
4362538595 0 0 0
4362538608 0 0 0
4362538621 0 0 0
4362538634 0 0 0
4362538647 0 0 0
4362538660 0 0 0
4362538673 0 0 0
4362538686 0 0 0
4362538699 0 0 0
4362538712 0 0 0
4362538725 0 0 0
4362538738 0 0 0
4362538751 0 0 0
4362538764 0 0 0
4362538777 0 0 0
4362538790 0 0 0
4362538803 0 0 0
4362538816 0 0 0
4362538829 0 0 0
4362538842 0 0 0
4362538855 0 0 0
4362538868 0 0 0
4362538881 0 0 0
4362538894 0 0 0
4362538907 0 0 0
4362538920 0 0 0
4362538933 0 0 0
4362538946 0 0 0
4362538959 0 0 0
4362538972 0 0 0
4362538985 0 0 0
4362538998 0 0 0
4362539011 0 0 0
4362539024 0 0 0
4362539037 0 0 0
4362539050 0 0 0
4362539063 0 0 0
4362539076 0 0 0
4362539089 0 0 0
4362539102 0 0 0
4362539115 0 0 0
4362539128 0 0 0
4362539141 0 0 0
4362539154 0 0 0
4362539167 0 0 0
4362539180 0 0 0
4362539193 0 0 0
4362539206 0 0 0
4362539219 0 0 0
4362539232 0 0 0
4362539245 0 0 0
4362539258 0 0 0
4362539271 0 0 0
4362539284 0 0 0
4362539297 0 0 0
4362539310 0 0 0
4362539323 0 0 0
4362539336 0 0 0
4362539349 0 0 0
4362539362 0 0 0
4362539375 0 0 0
4362539388 0 0 0
4362539401 0 0 0
4362539414 0 0 0
4362539427 0 0 0
4362539440 0 0 0
4362539453 0 0 0
4362539466 0 0 0
4362539479 0 0 0
4362539492 0 0 0
4362539505 0 0 0
4362539518 0 0 0
4362539531 0 0 0
4362539544 0 0 0
4362539557 0 0 0
4362539570 0 0 0
4362539583 0 0 0
4362539596 0 0 0
4362539609 0 0 0
4362539622 0 0 0
4362539635 0 0 0
4362539648 0 0 0
4362539661 0 0 0
4362539674 0 0 0
4362539687 0 0 0
4362539700 0 0 0
4362539713 0 0 0
4362539726 0 0 0
4362539739 0 0 0
4362539752 0 0 0
4362539765 0 0 0
4362539778 0 0 0
4362539791 0 0 0
4362539804 0 0 0
4362539817 0 0 0
4362539830 0 0 0
4362539843 0 0 0
4362539856 0 0 0
4362539869 0 0 0
4362539882 0 0 0
4362539895 0 0 0
4362539908 0 0 0
4362539921 0 0 0
4362539934 0 0 0
4362539947 0 0 0
4362539960 0 0 0
4362539973 0 0 0
4362539986 0 0 0
4362539999 0 0 0
4362540012 0 0 0
4362540025 0 0 0
4362540038 0 0 0
4362540051 0 0 0
4362540064 0 0 0
4362540077 0 0 0
4362540090 0 0 0
4362540103 0 0 0
4362540116 0 0 0
4362540129 0 0 0
4362540142 0 0 0
4362540155 0 0 0
4362540168 0 0 0
4362540181 0 0 0
4362540194 0 0 0
4362540207 0 0 0
4362540220 0 0 0
4362540233 0 0 0
4362540246 0 0 0
4362540259 0 0 0
4362540272 0 0 0
4362540285 0 0 0
4362540298 0 0 0
4362540311 0 0 0
4362540324 0 0 0
4362540337 0 0 0
4362540350 0 0 0
4362540363 0 0 0
4362540376 0 0 0
4362540389 0 0 0
4362540402 0 0 0
4362540415 0 0 0
4362540428 0 0 0
4362540441 0 0 0
4362540454 0 0 0
4362540467 0 0 0
4362540480 0 0 0
4362540493 0 0 0
4362540506 0 0 0
4362540519 0 0 0
4362540532 0 0 0
4362540545 0 0 0
4362540558 0 0 0
4362540571 0 0 0
4362540584 0 0 0
4362540597 0 0 0
4362540610 0 0 0
4362540623 0 0 0
4362540636 0 0 0
4362540649 0 0 0
4362540662 0 0 0
4362540675 0 0 0
4362540688 0 0 0
4362540701 0 0 0
4362540714 0 0 0
4362540727 0 0 0
4362540740 0 0 0
4362540753 0 0 0
4362540766 0 0 0
4362540779 0 0 0
4362540792 0 0 0
4362540805 0 0 0
4362540818 0 0 0
4362540831 0 0 0
4362540844 0 0 0
4362540857 0 0 0
4362540870 0 0 0
4362540883 0 0 0
4362540896 0 0 0
4362540909 0 0 0
4362540922 0 0 0
4362540935 0 0 0
4362540948 0 0 0
4362540961 0 0 0
4362540974 0 0 0
4362540987 0 0 0
4362541000 0 0 0
4362541013 0 0 0
4362541026 0 0 0
4362541039 0 0 0
4362541052 0 0 0
4362541065 0 0 0
4362541078 0 0 0
4362541091 0 0 0
4362541104 0 0 0
4362541117 0 0 0
4362541130 0 0 0
4362541143 0 0 0
4362541156 0 0 0
4362541169 0 0 0
4362541182 0 0 0
4362541195 0 0 0
4362541208 0 0 0
4362541221 0 0 0
4362541234 0 0 0
4362541247 0 0 0
4362541260 0 0 0
4362541273 0 0 0
4362541286 0 0 0
4362541299 0 0 0
4362541312 0 0 0
4362541325 0 0 0
4362541338 0 0 0
4362541351 0 0 0
4362541364 0 0 0
4362541377 0 0 0
4362541390 0 0 0
4362541403 0 0 0
4362541416 0 0 0
4362541429 0 0 0
4362541442 0 0 0
4362541455 0 0 0
4362541468 0 0 0
4362541481 0 0 0
4362541494 0 0 0
4362541507 0 0 0
4362541520 0 0 0
4362541533 0 0 0
4362541546 0 0 0
4362541559 0 0 0
4362541572 0 0 0
4362541585 0 0 0
4362541598 0 0 0
4362541611 0 0 0
4362541624 0 0 0
4362541637 0 0 0
4362541650 0 0 0
4362541663 0 0 0
4362541676 0 0 0
4362541689 0 0 0
4362541702 0 0 0
4362541715 0 0 0
4362541728 0 0 0
4362541741 0 0 0
4362541754 0 0 0
4362541767 0 0 0
4362541780 0 0 0
4362541793 0 0 0
4362541806 0 0 0
4362541819 0 0 0
4362541832 0 0 0
4362541845 0 0 0
4362541858 0 0 0
4362541871 0 0 0
4362541884 0 0 0
4362541897 0 0 0
4362541910 0 0 0
4362541923 0 0 0
4362541936 0 0 0
4362541949 0 0 0
4362541962 0 0 0
4362541975 0 0 0
4362541988 0 0 0
4362542001 0 0 0
4362542014 0 0 0
4362542027 0 0 0
4362542040 0 0 0
4362542053 0 0 0
4362542066 0 0 0
4362542079 0 0 0
4362542092 0 0 0
4362542105 0 0 0
4362542118 0 0 0
4362542131 0 0 0
4362542144 0 0 0
4362542157 0 0 0
4362542170 0 0 0
4362542183 0 0 0
4362542196 0 0 0
4362542209 0 0 0
4362542222 0 0 0
read 1160 profiled data
