4299569533 0 0 0
4299569546 0 0 0
4299569559 0 0 0
4299569572 0 0 0
4299569585 0 0 0
4299569598 0 0 0
4299569611 0 0 0
4299569624 0 0 0
4299569637 0 0 0
4299569650 0 0 0
4299569663 0 0 0
4299569676 0 0 0
4299569689 0 0 0
4299569702 0 0 0
4299569715 0 0 0
4299569729 0 0 0
4299569742 0 0 0
4299569755 0 0 0
4299569768 0 0 0
4299569781 0 0 0
4299569794 0 0 0
4299569807 0 0 0
4299569820 0 0 0
4299569833 0 0 0
4299569846 0 0 0
4299569859 0 0 0
4299569872 0 0 0
4299569885 0 0 0
4299569898 0 0 0
4299569911 0 0 0
4299569924 0 0 0
4299569937 0 0 0
4299569950 0 0 0
4299569963 0 0 0
4299569976 0 0 0
4299569989 0 0 0
4299570002 0 0 0
4299570015 0 0 0
4299570028 0 0 0
4299570041 0 0 0
4299570054 0 0 0
4299570067 0 0 0
4299570080 0 0 0
4299570093 0 0 0
4299570106 0 0 0
4299570119 0 0 0
4299570132 0 0 0
4299570145 0 0 0
4299570158 0 0 0
4299570171 0 0 0
4299570184 0 0 0
4299570197 0 0 0
4299570210 0 0 0
4299570223 0 0 0
4299570236 0 0 0
4299570249 0 0 0
4299570262 0 0 0
4299570275 0 0 0
4299570288 0 0 0
4299570301 0 0 0
4299570314 0 0 0
4299570327 0 0 0
4299570340 0 0 0
4299570353 0 0 0
4299570366 0 0 0
4299570380 0 0 0
4299570393 0 0 0
4299570406 0 0 0
4299570419 0 0 0
4299570432 0 0 0
4299570445 0 0 0
4299570458 0 0 0
4299570471 0 0 0
4299570484 0 0 0
4299570497 0 0 0
4299570510 0 0 0
4299570523 0 0 0
4299570536 0 0 0
4299570549 0 0 0
4299570562 0 0 0
4299570575 0 0 0
4299570588 0 0 0
4299570601 0 0 0
4299570614 0 0 0
4299570627 0 0 0
4299570640 0 0 0
4299570653 0 0 0
4299570666 0 0 0
4299570680 0 0 0
4299570693 0 0 0
4299570706 0 0 0
4299570719 0 0 0
4299570732 0 0 0
4299570745 0 0 0
4299570758 0 0 0
4299570771 0 0 0
4299570784 0 0 0
4299570797 0 0 0
4299570810 0 0 0
4299570823 0 0 0
4299570836 0 0 0
4299570849 0 0 0
4299570862 0 0 0
4299570875 0 0 0
4299570888 0 0 0
4299570901 0 0 0
4299570914 0 0 0
4299570927 0 0 0
4299570940 0 0 0
4299570953 0 0 0
4299570966 0 0 0
4299570979 0 0 0
4299570992 0 0 0
4299571005 0 0 0
4299571018 0 0 0
4299571031 0 0 0
4299571044 0 0 0
4299571057 0 0 0
4299571070 0 0 0
4299571083 0 0 0
4299571096 0 0 0
4299571109 0 0 0
4299571122 0 0 0
4299571135 0 0 0
4299571148 0 0 0
4299571161 0 0 0
4299571174 0 0 0
4299571187 0 0 0
4299571200 0 0 0
4299571213 0 0 0
4299571226 0 0 0
4299571239 0 0 0
4299571252 0 0 0
4299571265 0 0 0
4299571278 0 0 0
4299571291 0 0 0
4299571304 0 0 0
4299571317 0 0 0
4299571330 0 0 0
4299571343 0 0 0
4299571356 0 0 0
4299571369 0 0 0
4299571382 0 0 0
4299571395 0 0 0
4299571408 0 0 0
4299571421 0 0 0
4299571434 0 0 0
4299571447 0 0 0
4299571460 0 0 0
4299571473 0 0 0
4299571486 0 0 0
4299571499 0 0 0
4299571512 0 0 0
4299571525 0 0 0
4299571538 0 0 0
4299571551 0 0 0
4299571564 0 0 0
4299571577 0 0 0
4299571590 0 0 0
4299571603 0 0 0
4299571616 0 0 0
4299571630 0 0 0
4299571643 0 0 0
4299571656 0 0 0
4299571669 0 0 0
4299571682 0 0 0
4299571695 0 0 0
4299571708 0 0 0
4299571721 0 0 0
4299571734 0 0 0
4299571747 0 0 0
4299571760 0 0 0
4299571773 0 0 0
4299571786 0 0 0
4299571799 0 0 0
4299571812 0 0 0
4299571825 0 0 0
4299571838 0 0 0
4299571851 0 0 0
4299571864 0 0 0
4299571877 0 0 0
4299571890 0 0 0
4299571903 0 0 0
4299571916 0 0 0
4299571929 0 0 0
4299571942 0 0 0
4299571955 0 0 0
4299571968 0 0 0
4299571981 0 0 0
4299571994 0 0 0
4299572007 0 0 0
4299572020 0 0 0
4299572033 0 0 0
4299572046 0 0 0
4299572059 0 0 0
4299572072 0 0 0
4299572085 0 0 0
4299572098 0 0 0
4299572111 0 0 0
4299572124 0 0 0
4299572137 0 0 0
4299572150 0 0 0
4299572163 0 0 0
4299572176 0 0 0
4299572189 0 0 0
4299572202 0 0 0
4299572215 0 0 0
4299572228 0 0 0
4299572241 0 0 0
4299572254 0 0 0
4299572267 0 0 0
4299572280 0 0 0
4299572293 0 0 0
4299572306 0 0 0
4299572319 0 0 0
4299572332 0 0 0
4299572345 0 0 0
4299572358 0 0 0
4299572371 0 0 0
4299572384 0 0 0
4299572397 0 0 0
4299572410 0 0 0
4299572423 0 0 0
4299572436 0 0 0
4299572449 0 0 0
4299572462 0 0 0
4299572475 0 0 0
4299572488 0 0 0
4299572501 0 0 0
4299572514 0 0 0
4299572527 0 0 0
4299572540 0 0 0
4299572553 0 0 0
4299572566 0 0 0
4299572579 0 0 0
4299572592 0 0 0
4299572605 0 0 0
4299572618 0 0 0
4299572631 0 0 0
4299572644 0 0 0
4299572657 0 0 0
4299572670 0 0 0
4299572683 0 0 0
4299572696 0 0 0
4299572709 0 0 0
4299572722 0 0 0
4299572735 0 0 0
4299572748 0 0 0
4299572761 0 0 0
4299572774 0 0 0
4299572787 0 0 0
4299572800 0 0 0
4299572813 0 0 0
4299572826 0 0 0
4299572839 0 0 0
4299572852 0 0 0
4299572865 0 0 0
4299572879 0 0 0
4299572892 0 0 0
4299572905 0 0 0
4299572918 0 0 0
4299572931 0 0 0
4299572944 0 0 0
4299572957 0 0 0
4299572970 0 0 0
4299572983 0 0 0
4299572996 0 0 0
4299573009 0 0 0
4299573022 0 0 0
4299573035 0 0 0
4299573048 0 0 0
4299573061 0 0 0
4299573074 0 0 0
4299573087 0 0 0
4299573100 0 0 0
4299573113 0 0 0
4299573126 0 0 0
4299573139 0 0 0
4299573152 0 0 0
4299573165 0 0 0
4299573179 0 0 0
4299573192 0 0 0
4299573205 0 0 0
4299573218 0 0 0
4299573231 0 0 0
4299573244 0 0 0
4299573257 0 0 0
4299573270 0 0 0
4299573283 12445 3 6
4299573296 137259 4 53
4299573309 133159 0 45
4299573322 0 0 0
4299573335 0 0 0
4299573348 0 0 0
4299573361 0 0 0
4299573374 0 0 0
4299573387 0 0 0
4299573400 0 0 0
4299573413 0 0 0
4299573426 0 0 0
4299573439 0 0 0
4299573452 0 0 0
4299573465 0 0 0
4299573478 0 0 0
4299573491 0 0 0
4299573504 0 0 0
4299573517 0 0 0
4299573530 0 0 0
4299573543 14850 0 7
4299573556 66654 0 26
4299573569 136610 0 50
4299573582 4636 0 0
4299573595 0 0 0
4299573608 0 0 0
4299573621 0 0 0
4299573634 0 0 0
4299573647 0 0 0
4299573660 0 0 0
4299573673 0 0 0
4299573686 0 0 0
4299573699 0 0 0
4299573712 0 0 0
4299573725 0 0 0
4299573738 0 0 0
4299573751 0 0 0
4299573764 0 0 0
4299573777 0 0 0
4299573790 7761 0 3
4299573803 8159 0 3
4299573816 68745 0 28
4299573829 96745 0 35
4299573842 0 0 0
4299573855 0 0 0
4299573868 0 0 0
4299573881 0 0 0
4299573894 0 0 0
4299573907 0 0 0
4299573920 0 0 0
4299573933 0 0 0
4299573946 0 0 0
4299573959 0 0 0
4299573972 0 0 0
4299573985 0 0 0
4299573998 0 0 0
4299574011 0 0 0
4299574024 0 0 0
4299574037 0 0 0
4299574050 10110 0 4
4299574063 25271 0 10
4299574076 73544 0 29
4299574089 42725 0 14
4299574102 0 0 0
4299574115 0 0 0
4299574129 0 0 0
4299574142 0 0 0
4299574155 0 0 0
4299574168 0 0 0
4299574181 0 0 0
4299574194 0 0 0
4299574207 0 0 0
4299574220 0 0 0
4299574233 0 0 0
4299574246 0 0 0
4299574259 0 0 0
4299574272 0 0 0
4299574285 0 0 0
4299574298 8200 0 2
4299574311 12022 0 6
4299574324 43531 0 19
4299574337 59246 0 23
4299574350 0 0 0
4299574363 0 0 0
4299574376 0 0 0
4299574389 0 0 0
4299574402 0 0 0
4299574415 0 0 0
4299574428 0 0 0
4299574441 0 0 0
4299574454 0 0 0
4299574467 0 0 0
4299574480 0 0 0
4299574493 0 0 0
4299574506 0 0 0
4299574519 0 0 0
4299574532 0 0 0
4299574545 1496 0 2
4299574558 1454 1 4
4299574571 1072 1 4
4299574584 807 33 4
4299574597 605 2 1
4299574611 1220 8 7
4299574624 511 13 2
4299574637 776 13 3
4299574650 539 14 0
4299574663 1373 19 5
4299574676 2082 10 7
4299574689 0 0 0
4299574702 0 0 0
4299574715 1668 14 2
4299574729 0 1 0
4299574742 1141 4 1
4299574755 82 14 0
4299574768 559 89 1
4299574782 3636 466 9
4299574795 303 0 1
4299574808 610 0 1
4299574821 2396 8 9
4299574834 69 0 1
4299574847 0 0 0
4299574860 582 5 0
4299574873 712 0 1
4299574886 63 0 0
4299574899 1822 0 2
4299574912 943 1 2
4299574925 196 13 1
4299574938 423 0 3
4299574951 969 2 2
4299574964 492 7 2
4299574977 433 29 1
4299574990 1308 4 2
4299575003 2002 15 5
4299575016 774 17 1
4299575029 2432 117 3
4299575042 2496 192 3
4299575055 1243 444 2
4299575068 251 105 0
4299575081 0 0 0
4299575094 0 0 0
4299575107 0 0 0
4299575120 0 0 0
4299575133 957 11 1
4299575146 495 33 1
4299575159 662 19 0
4299575172 781 3 1
4299575185 732 2 3
4299575198 1533 3 2
4299575211 713 252 2
4299575224 121 15 2
4299575237 711 11 2
4299575250 2044 10 4
4299575263 1265 8 6
4299575277 1651 181 2
4299575290 1331 32 1
4299575304 812 118 0
4299575317 529 53 1
4299575330 435 78 1
4299575343 499 17 1
4299575356 378 7 3
4299575369 817 15 2
4299575382 680 25 1
4299575396 3025 256 3
4299575409 191 1 0
4299575422 337 84 1
4299575435 638 65 2
4299575448 168 24 0
4299575461 702 93 1
4299575474 227 35 1
4299575487 282 35 0
4299575500 983 146 2
4299575513 516 69 1
4299575526 166 30 0
4299575539 2700 199 6
4299575552 1239 97 0
4299575565 491 2 3
4299575578 954 81 1
4299575591 492 32 0
4299575604 1631 110 0
4299575617 421 67 0
4299575630 583 61 1
4299575643 752 45 0
4299575656 319 23 0
4299575669 1376 96 0
4299575682 333 18 0
4299575695 592 49 0
4299575709 616 44 3
4299575722 131 5 0
4299575735 261 11 0
4299575748 106 5 0
4299575761 70 6 0
4299575774 32 4 0
4299575787 71 6 0
4299575800 7 5 0
4299575813 50 6 0
4299575826 60 5 0
4299575839 167 8 0
4299575852 254 12 1
4299575865 256 10 0
4299575878 12142 2061 21
4299575891 2170 799 5
4299575904 2004 331 4
4299575917 2146 244 1
4299575931 5843 170 3
4299575944 2559 367 3
4299575957 2933 438 4
4299575970 438 19 0
4299575983 0 2 0
4299575996 301 42 0
4299576009 68 1 0
4299576022 490 100 1
4299576035 319 11 1
4299576048 32 7 3
4299576062 88 23 0
4299576075 78 18 0
4299576089 958 319 2
4299576102 179 30 1
4299576115 485 10 2
4299576128 203 16 1
4299576141 636 89 0
4299576154 127 11 1
4299576167 52 6 0
4299576180 642 18 0
4299576193 53 6 0
4299576206 52 7 0
4299576220 0 0 0
4299576234 28 0 0
4299576247 148 25 0
4299576260 89 30 0
4299576273 0 0 0
4299576287 269 14 1
4299576300 1675 80 0
4299576313 127 10 2
4299576326 137 8 1
4299576339 94 16 0
4299576352 67 13 0
4299576366 95 35 0
4299576379 21 4 0
4299576392 341 11 2
4299576405 126 8 6
4299576418 75 6 1
4299576431 5 1 0
4299576444 179 16 3
4299576457 31 1 2
4299576471 15 3 0
4299576484 0 0 0
4299576497 55 0 0
4299576510 183 13 4
4299576523 77 4 0
4299576536 76 16 0
4299576549 89 23 0
4299576562 2208 247 4
4299576575 21349 2522 29
4299576588 6746 1269 12
4299576601 71 21 0
4299576614 121 27 0
4299576627 41 20 0
4299576640 68 20 0
4299576653 350 70 0
4299576666 91 23 0
4299576679 87 23 0
4299576692 101 24 0
4299576705 87 23 1
4299576718 65 22 0
4299576731 121 21 0
4299576744 95 24 0
4299576757 160 23 0
4299576770 118 23 2
4299576783 109 27 0
4299576796 70 18 0
4299576809 121 23 0
4299576822 197 30 0
4299576835 245 22 1
4299576848 0 0 0
4299576861 0 0 0
4299576874 700 92 3
4299576887 149 21 0
4299576900 930 122 2
4299576913 0 0 1
4299576926 0 0 0
4299576939 172 5 0
4299576952 0 0 0
4299576965 212 97 1
4299576978 178 38 0
4299576991 164 37 0
4299577004 18 3 0
4299577017 415 25 1
4299577030 422 11 0
4299577044 119 15 0
4299577057 156 27 0
4299577070 165 29 0
4299577083 212 42 0
4299577096 152 37 2
4299577109 137 36 1
4299577122 96 16 0
4299577135 907 169 2
4299577148 67 8 0
4299577161 156 8 0
4299577174 256 14 0
4299577187 72 6 0
4299577200 265 27 0
4299577213 244 10 0
4299577226 0 7 0
4299577240 385 19 2
4299577253 42 14 6
4299577266 30 6 0
4299577279 41 5 0
4299577292 65 6 0
4299577305 51 8 0
4299577318 130 8 0
4299577331 21 3 0
4299577344 227 31 0
4299577357 62 3 0
4299577370 77 19 0
4299577383 259 21 0
4299577396 17613 1967 28
4299577410 13932 2807 28
4299577423 28 6 0
4299577436 16 9 0
4299577449 720 327 1
4299577462 628 116 2
4299577475 0 0 0
4299577488 397 96 1
4299577501 56 9 0
4299577514 251 4 2
4299577527 438 15 0
4299577540 225 37 0
4299577553 418 32 1
4299577566 0 0 0
4299577579 662 54 0
4299577592 23 8 0
4299577605 194 41 1
4299577618 213 52 1
4299577632 297 113 1
4299577645 386 36 1
4299577658 184 13 1
4299577671 563 89 0
4299577685 54 14 0
4299577698 319 86 3
4299577711 6 1 0
4299577724 0 1 0
4299577737 8 1 0
4299577750 467 70 1
4299577763 139 3 1
4299577776 0 0 0
4299577789 0 0 0
4299577802 35 5 0
4299577815 25 11 0
4299577828 119 32 0
4299577842 235 57 0
4299577855 45 18 0
4299577868 10 6 0
4299577881 18 5 0
4299577894 34 6 0
4299577907 22 4 0
4299577920 15 7 0
4299577933 13 4 0
4299577946 21 7 0
4299577959 26 7 0
4299577972 57 7 0
4299577985 27 7 0
4299577998 18 6 0
4299578012 90 33 0
4299578025 53 10 0
4299578038 42 11 0
4299578051 34 10 0
4299578064 54 11 0
4299578077 52 11 1
4299578090 38 10 0
4299578103 80 13 0
4299578116 153 40 0
4299578129 402 92 0
4299578142 136 49 0
4299578155 88 12 1
4299578169 41 11 0
4299578182 149 22 2
4299578195 149 33 1
4299578208 225 57 0
4299578221 77 1 2
4299578234 109 10 3
4299578247 26 7 0
4299578260 72 10 8
4299578274 108 17 5
4299578287 137 11 7
4299578300 102 4 0
4299578313 187 20 0
4299578326 143 28 0
4299578339 64 17 0
4299578352 12306 2410 32
4299578365 13767 3034 37
4299578378 4543 1325 10
4299578391 66 10 0
4299578405 140 45 0
4299578418 158 47 0
4299578431 649 349 3
4299578444 0 0 1
4299578457 172 3 0
4299578470 159 15 0
4299578483 112 4 0
4299578496 776 47 1
4299578509 796 62 1
4299578522 69 9 0
4299578535 146 7 1
4299578549 389 12 2
4299578562 148 11 0
4299578575 31 5 0
4299578588 0 2 0
4299578601 0 0 0
4299578614 13 2 0
4299578627 0 0 0
4299578640 0 0 0
4299578653 236 49 0
4299578666 204 37 0
4299578679 0 0 0
4299578692 87 0 0
4299578705 126 12 0
4299578718 0 0 0
4299578731 68 27 0
4299578744 0 0 0
4299578757 31 4 0
4299578770 79 12 0
4299578783 86 18 1
4299578796 540 123 1
4299578809 0 0 0
4299578822 0 0 0
4299578836 0 0 0
4299578849 0 0 0
4299578862 0 0 0
4299578875 0 0 0
4299578888 521 121 1
4299578901 14 1 0
4299578914 46 6 0
4299578927 64 0 0
4299578940 10 3 0
4299578953 60 13 0
4299578966 16 4 0
4299578979 0 0 0
4299578992 0 0 0
4299579005 90 13 0
4299579018 116 40 1
4299579031 226 32 0
4299579044 100 15 0
4299579057 37 5 0
4299579070 0 0 0
4299579083 87 34 0
4299579096 260 51 0
4299579109 0 0 0
4299579122 49 5 0
4299579135 134 15 1
4299579148 194 18 0
4299579162 121 26 0
4299579175 500 86 3
4299579188 1156 184 4
4299579201 3 4 0
4299579214 58 8 0
4299579227 72 10 0
4299579240 63 9 1
4299579253 539 274 3
4299579266 860 448 3
4299579279 0 0 0
4299579292 0 0 0
4299579305 895 153 1
4299579318 1337 260 1
4299579331 78 14 0
4299579344 1556 181 1
4299579358 1463 442 5
4299579371 0 0 0
4299579384 12 1 0
4299579397 2967 566 4
4299579410 1956 209 1
4299579423 3029 862 8
4299579436 1939 420 4
4299579449 3379 1177 9
4299579462 2603 752 6
4299579475 5280 884 8
4299579488 3053 767 6
4299579501 3086 473 2
4299579514 37 11 0
4299579527 459 155 2
4299579540 23 3 0
4299579553 126 23 0
4299579566 452 85 1
4299579579 101 28 0
4299579592 236 41 0
4299579605 30 2 0
4299579618 241 53 1
4299579632 174 76 0
4299579645 261 31 3
4299579658 311 66 0
4299579671 0 0 1
4299579684 256 77 0
4299579697 7 3 0
4299579710 26 10 0
4299579723 45 8 0
4299579736 51 11 0
4299579749 53 10 0
4299579762 77 26 0
4299579775 759 149 3
4299579788 0 0 0
4299579801 0 0 0
4299579814 150 21 1
4299579827 0 0 0
4299579840 90 14 0
4299579853 10 7 0
4299579866 65 15 0
4299579879 45 9 0
4299579892 89 16 0
4299579905 37 7 0
4299579918 66 10 1
4299579931 543 130 2
4299579945 29 7 0
4299579958 0 0 0
4299579971 27 8 0
4299579984 48 10 0
4299579997 164 26 1
4299580010 730 172 2
4299580023 209 36 1
4299580036 126 36 0
4299580049 113 33 1
4299580062 337 84 0
4299580075 122 22 2
4299580088 39 15 0
4299580101 56 30 0
4299580114 183 88 1
4299580127 55 34 0
4299580140 170 83 1
4299580153 195 89 0
4299580166 67 27 0
4299580179 39 30 1
4299580192 160 86 0
4299580205 203 97 2
4299580218 329 165 5
4299580231 360 146 0
4299580244 294 148 1
4299580257 187 104 0
4299580270 48 17 0
4299580283 19 12 0
4299580296 17 7 0
4299580309 317 172 0
4299580322 188 8 7
4299580335 405 125 3
4299580348 0 0 0
4299580361 12 1 0
4299580374 177 18 0
4299580387 15694 3939 52
4299580400 10404 2975 32
4299580413 3877 608 6
4299580426 1339 282 2
4299580439 451 111 1
4299580452 0 0 0
4299580465 0 0 0
4299580478 0 0 0
4299580491 0 0 0
4299580504 0 0 0
4299580517 0 0 0
4299580530 0 0 0
4299580543 0 0 0
4299580556 956 396 3
4299580569 669 268 4
4299580583 34 11 0
4299580596 0 0 0
4299580609 0 0 0
4299580622 0 0 0
4299580635 17 1 0
4299580648 378 44 0
4299580661 0 3 0
4299580674 0 6 0
4299580687 0 4 0
4299580700 0 1 0
4299580713 0 0 0
4299580726 0 0 0
4299580739 0 0 0
4299580752 9 0 0
4299580765 398 88 0
4299580778 128 59 1
4299580791 0 0 1
4299580804 153 36 1
4299580817 0 0 0
4299580830 0 0 0
4299580843 0 1 0
4299580856 209 71 1
4299580869 57 11 1
4299580882 0 0 0
4299580895 0 0 0
4299580908 0 0 3
4299580921 294 87 0
4299580934 23 2 2
4299580947 30 9 0
4299580960 61 12 0
4299580973 82 13 0
4299580986 92 9 0
4299580999 59 15 0
4299581012 171 18 0
4299581025 209 47 0
4299581038 285 66 0
4299581051 38 9 0
4299581064 26 8 0
4299581077 47 11 0
4299581090 62 14 0
4299581103 55 21 2
4299581116 74 17 0
4299581129 61 27 1
4299581142 177 29 0
4299581155 138 29 1
4299581168 450 101 1
4299581181 100 28 0
4299581194 99 33 0
4299581207 69 26 1
4299581220 105 29 1
4299581233 104 33 1
4299581246 255 58 0
4299581259 126 30 1
4299581272 71 29 0
4299581285 260 91 2
4299581298 144 30 0
4299581311 99 34 0
4299581324 309 85 0
4299581338 167 34 0
4299581351 67 29 0
4299581364 173 50 0
4299581377 160 57 0
4299581390 212 97 0
4299581403 7 0 0
4299581416 116 29 0
4299581429 381 116 3
4299581442 99 32 0
4299581455 122 30 0
4299581468 506 142 0
4299581481 427 86 2
4299581494 215 91 0
4299581507 1016 259 4
4299581520 24 5 1
4299581533 40 6 0
4299581546 23 9 0
4299581559 8 7 0
4299581572 9 5 1
4299581585 11 8 0
4299581598 33 8 0
4299581611 46 11 0
4299581624 27 11 3
4299581637 135 30 0
4299581650 45 10 0
4299581663 74 16 0
4299581676 104 21 0
4299581689 62 14 0
4299581702 186 48 0
4299581715 3573 904 8
4299581728 2786 803 5
4299581741 2848 989 11
4299581754 1587 719 5
4299581767 1620 390 3
4299581780 4187 1081 12
4299581793 4813 1552 16
4299581806 3047 1051 6
4299581819 2518 853 6
4299581832 1536 532 3
4299581845 0 0 0
4299581858 0 0 0
4299581871 0 0 0
4299581884 0 0 0
4299581897 0 0 0
4299581910 0 0 0
4299581923 0 0 0
4299581936 0 0 0
4299581949 0 0 0
4299581962 721 196 1
4299581975 325 85 1
4299581988 605 146 0
4299582001 439 131 2
4299582014 599 155 1
4299582027 420 104 0
4299582040 291 74 0
4299582053 165 50 1
4299582066 244 97 1
4299582079 49 13 0
4299582092 597 185 5
4299582105 336 135 0
4299582118 164 50 0
4299582131 194 56 2
4299582144 243 83 3
4299582157 247 88 1
4299582170 241 102 2
4299582183 179 53 0
4299582196 96 32 0
4299582209 74 31 1
4299582222 730 261 4
4299582235 237 138 1
4299582248 7 3 0
4299582261 57 11 0
4299582274 59 19 0
4299582287 63 29 0
4299582300 39 30 0
4299582313 254 118 3
4299582326 56 27 0
4299582339 73 26 1
4299582352 82 29 0
4299582365 72 33 0
4299582378 74 29 0
4299582391 74 26 0
4299582404 65 24 0
4299582417 24 29 0
4299582430 262 115 2
4299582443 83 27 0
4299582456 100 31 1
4299582470 66 34 0
4299582483 62 33 0
4299582496 120 29 0
4299582509 105 34 0
4299582523 315 117 0
4299582536 61 30 0
4299582549 102 30 0
4299582562 93 38 0
4299582575 67 30 0
4299582588 54 28 0
4299582601 739 307 6
4299582614 133 61 0
4299582627 67 29 0
4299582640 72 30 0
4299582653 62 29 0
4299582666 58 33 0
4299582679 82 29 0
4299582692 58 27 0
4299582705 199 85 0
4299582718 69 33 0
4299582731 55 29 1
4299582744 102 41 0
4299582757 167 79 0
4299582770 51 29 0
4299582783 62 30 0
4299582796 825 374 6
4299582809 52 10 0
4299582822 116 46 1
4299582835 5 0 0
4299582848 19 11 0
4299582861 34 16 0
4299582874 102 29 0
4299582887 72 29 0
4299582900 86 26 0
4299582913 69 30 1
4299582926 91 31 1
4299582939 193 69 0
4299582952 39 31 0
4299582965 296 120 1
4299582978 93 32 0
4299582991 87 33 1
4299583004 557 256 3
4299583017 98 13 2
4299583030 1107 436 6
4299583043 82 32 0
4299583056 93 32 0
4299583069 20 9 0
4299583082 21 6 0
4299583095 21 9 0
4299583108 3 4 0
4299583121 13 7 0
4299583134 18 6 0
4299583147 25 6 0
4299583160 695 295 0
4299583173 14 5 0
4299583186 6 5 0
4299583199 11 6 0
4299583212 10 6 0
4299583226 9 3 4
4299583239 15 3 0
4299583252 25 4 0
4299583265 15 3 0
4299583278 26 10 0
4299583291 10 8 0
4299583304 2205 848 11
4299583317 6509 2725 28
4299583330 3293 1625 15
4299583343 20 16 1
4299583356 3378 1461 12
4299583369 58 11 0
4299583382 0 0 0
4299583395 0 0 1
4299583408 0 0 1
4299583421 0 0 0
4299583434 0 0 1
4299583448 0 0 0
4299583461 0 0 1
4299583474 0 0 0
4299583487 0 0 1
4299583500 0 0 2
4299583513 0 0 1
4299583526 0 0 1
4299583539 0 0 0
4299583552 51 22 0
4299583565 4624 1784 17
4299583578 5143 2123 23
4299583591 5778 2889 36
4299583604 1245 663 5
4299583617 92 48 1
4299583630 117 50 0
4299583643 54 26 0
4299583656 41 9 0
4299583669 20 8 0
4299583682 22 9 0
4299583695 42 12 0
4299583708 22 8 0
4299583721 16 9 0
4299583734 8 9 0
4299583747 22 8 0
4299583760 30 9 0
4299583773 23 8 0
4299583786 29 9 0
4299583799 10 8 0
4299583812 19 12 0
4299583825 33 14 0
4299583838 31 9 1
4299583851 35 13 0
4299583864 50 15 0
4299583877 49 9 0
4299583891 32 8 0
4299583904 22 9 0
4299583917 18 11 0
4299583930 327 111 3
4299583943 34 20 0
4299583956 67 23 2
4299583969 33 11 0
4299583982 31 9 0
4299583995 38 12 0
4299584008 64 20 0
4299584021 54 15 1
4299584034 43 17 0
4299584047 51 24 0
4299584060 54 20 1
4299584073 41 20 0
4299584086 47 21 0
4299584099 241 120 0
4299584112 0 0 0
4299584125 0 0 0
4299584138 0 0 0
4299584151 431 215 1
4299584164 0 0 2
4299584177 224 114 1
4299584190 5 1 0
4299584203 22 9 0
4299584216 46 22 0
4299584229 153 84 2
4299584242 252 126 0
4299584255 47 27 0
4299584268 1 1 0
4299584281 25 8 0
4299584294 16 11 0
4299584307 309 192 1
4299584320 44 30 0
4299584333 100 64 0
4299584346 31 30 1
4299584359 139 87 0
4299584372 245 172 1
4299584385 100 44 2
4299584398 14 4 0
4299584411 148 60 0
4299584425 0 0 0
4299584438 3 1 0
4299584451 309 102 0
4299584464 87 37 0
4299584477 0 0 0
4299584490 16 4 1
4299584503 4 9 0
4299584516 15 10 0
4299584529 288 203 2
4299584542 6 9 0
4299584555 11 9 0
4299584568 4 9 0
4299584581 151 109 0
4299584594 13 15 0
4299584607 33 24 0
4299584620 26 27 0
4299584633 48 33 0
4299584646 270 174 1
4299584659 68 36 0
4299584672 59 36 0
4299584686 297 173 0
4299584699 62 33 0
4299584712 41 36 0
4299584725 29 33 0
4299584738 42 30 0
4299584751 218 165 2
4299584764 59 34 2
4299584777 46 33 0
4299584790 452 234 2
4299584803 74 36 0
4299584816 64 33 1
4299584829 49 36 0
4299584842 73 36 0
4299584855 96 80 0
4299584868 125 82 1
4299584881 91 36 1
4299584894 198 96 3
4299584907 72 33 1
4299584920 174 95 1
4299584933 517 221 1
4299584946 287 211 3
4299584959 0 0 0
4299584972 0 0 0
4299584985 0 0 0
4299584999 314 159 1
4299585012 24 12 0
4299585025 20 9 0
4299585038 53 33 0
4299585051 53 33 0
4299585064 197 127 3
4299585077 46 36 0
4299585090 54 30 0
4299585103 10 6 0
4299585116 18 15 0
4299585129 5 9 0
4299585142 97 61 0
4299585155 23 9 0
4299585168 82 59 0
4299585181 189 100 4
4299585194 30 17 0
4299585207 440 268 2
4299585220 93 30 0
4299585233 60 39 1
4299585246 267 183 3
4299585259 14 12 0
4299585272 9 9 0
4299585285 24 8 0
4299585298 9 8 0
4299585311 378 214 2
4299585324 11 9 0
4299585337 19 12 2
4299585350 12 9 0
4299585363 6 5 0
4299585376 4 3 0
4299585389 15 4 0
4299585402 19 9 0
4299585415 11 7 0
4299585428 102 70 0
4299585441 28 10 0
4299585454 155 79 0
4299585467 224 123 0
4299585480 12 6 0
4299585493 248 150 3
4299585506 27 14 0
4299585519 144 78 0
4299585532 260 169 5
4299585545 295 173 0
4299585558 187 137 1
4299585571 148 96 0
4299585584 284 144 2
4299585597 19 3 0
4299585610 32 15 1
4299585623 74 40 0
4299585636 881 475 6
4299585649 2742 1466 10
4299585662 752 336 2
4299585675 2417 1418 12
4299585688 1137 653 3
4299585702 1198 556 7
4299585715 1258 679 4
4299585728 450 353 3
4299585741 0 0 1
4299585754 0 0 2
4299585767 162 148 1
4299585780 319 257 1
4299585793 0 0 0
4299585806 0 0 0
4299585819 693 478 3
4299585832 0 0 0
4299585845 0 0 0
4299585858 0 0 0
4299585871 0 0 0
4299585884 0 0 0
4299585898 3959 2098 20
4299585911 1405 731 4
4299585925 3407 1855 14
4299585938 2409 1336 10
4299585951 1650 786 6
4299585964 1557 658 6
4299585977 710 435 3
4299585990 419 279 0
4299586003 0 0 0
4299586016 0 0 0
4299586029 1077 682 4
4299586042 0 0 0
4299586055 0 0 0
4299586068 0 0 0
4299586081 569 340 2
4299586094 0 0 0
4299586107 0 0 0
4299586120 0 0 0
4299586133 0 0 0
4299586146 699 248 2
4299586159 1233 673 5
4299586172 105 45 1
4299586185 50 31 4
4299586198 19 10 0
4299586211 27 10 0
4299586224 21 8 0
4299586237 15 10 0
4299586250 16 12 0
4299586263 29 22 0
4299586276 366 224 3
4299586289 24 11 0
4299586302 10 8 0
4299586315 15 9 0
4299586328 18 9 1
4299586341 24 8 0
4299586354 20 9 0
4299586367 20 9 0
4299586380 10 8 0
4299586393 15 9 0
4299586406 42 15 0
4299586419 18 8 0
4299586432 24 9 0
4299586445 17 9 0
4299586458 10 8 0
4299586471 23 8 0
4299586484 14 9 0
4299586497 6 5 0
4299586510 15 6 0
4299586523 26 15 0
4299586536 45 20 0
4299586549 39 21 0
4299586562 23 17 0
4299586575 33 18 0
4299586588 217 127 4
4299586601 439 225 0
4299586614 27 18 0
4299586627 28 21 0
4299586640 47 24 0
4299586653 34 24 0
4299586666 47 24 0
4299586679 71 33 0
4299586692 18 20 0
4299586705 161 91 0
4299586718 39 21 0
4299586731 31 24 0
4299586744 29 24 0
4299586757 36 30 0
4299586770 12 9 0
4299586783 1 8 0
4299586796 21 9 0
4299586809 28 9 0
4299586822 14 9 0
4299586835 19 12 0
4299586848 491 281 4
4299586861 0 0 0
4299586874 323 155 3
4299586887 5 1 0
4299586900 0 0 0
4299586913 0 0 0
4299586926 33 13 1
4299586939 44 29 2
4299586952 9 6 0
4299586965 30 26 0
4299586978 389 242 1
4299586991 23 33 1
4299587004 51 39 0
4299587017 487 325 2
4299587030 173 104 1
4299587043 178 119 2
4299587056 355 189 2
4299587069 52 35 1
4299587082 189 135 1
4299587095 139 84 3
4299587108 519 296 2
4299587121 113 77 0
4299587134 112 82 2
4299587147 190 103 3
4299587160 275 157 1
4299587173 149 116 0
4299587186 334 225 1
4299587199 131 124 2
4299587212 64 35 0
4299587225 125 69 1
4299587238 13 10 0
4299587251 25 9 1
4299587264 13 9 0
4299587277 4 5 0
4299587290 2 4 0
4299587303 0 4 0
4299587316 5 8 0
4299587329 12 5 0
4299587342 10 9 0
4299587355 1 2 0
4299587368 4 9 0
4299587381 7 9 0
4299587394 18 9 0
4299587407 634 345 4
4299587420 27 9 0
4299587433 12 9 0
4299587446 7 9 0
4299587459 14 8 0
4299587472 5 9 0
4299587485 12 9 0
4299587498 6 9 0
4299587511 16 9 0
4299587525 11 8 0
4299587538 19 9 0
4299587551 8 9 0
4299587564 21 9 0
4299587577 14 17 0
4299587590 8 9 0
4299587603 11 8 0
4299587616 15 9 0
4299587629 26 15 0
4299587642 28 9 0
4299587655 23 9 0
4299587668 8 9 0
4299587681 8 8 0
4299587694 36 21 0
4299587707 54 27 0
4299587720 253 163 3
4299587733 44 24 2
4299587746 51 27 0
4299587759 65 38 0
4299587772 51 27 0
4299587785 266 168 3
4299587798 42 24 0
4299587811 55 24 0
4299587824 49 33 0
4299587837 36 20 0
4299587850 55 23 0
4299587863 26 26 0
4299587876 175 155 0
4299587889 29 24 0
4299587902 45 36 0
4299587915 29 24 0
4299587928 30 24 0
4299587941 10 15 0
4299587954 292 249 2
4299587967 17 9 0
4299587980 9 9 0
4299587993 4 6 0
4299588006 11 18 0
4299588019 21 19 0
4299588032 22 27 0
4299588045 47 30 0
4299588058 169 175 1
4299588071 384 245 4
4299588084 42 48 0
4299588097 88 48 0
4299588110 14 19 1
4299588123 22 12 0
4299588136 22 15 0
4299588149 33 16 0
4299588162 50 35 0
4299588175 62 36 1
4299588188 31 36 1
4299588201 126 74 2
4299588214 471 275 1
4299588227 158 69 0
4299588240 122 126 1
4299588253 30 16 0
4299588266 46 34 0
4299588279 255 176 3
4299588292 52 36 1
4299588305 346 289 3
4299588318 79 45 0
4299588331 777 587 8
4299588344 170 138 0
4299588357 28 26 0
4299588370 401 370 3
4299588383 32 44 0
4299588396 91 122 0
4299588409 11 12 0
4299588422 0 0 0
4299588436 0 0 0
4299588449 0 0 0
4299588462 222 131 2
4299588475 3 0 0
4299588488 35 20 0
4299588501 0 0 0
4299588514 11 12 0
4299588527 32 24 0
4299588540 3 6 0
4299588553 20 18 2
4299588566 10 14 0
4299588579 12 16 0
4299588592 643 464 5
4299588605 50 24 0
4299588618 46 39 0
4299588631 56 45 0
4299588644 64 38 0
4299588657 341 246 0
4299588670 4 6 0
4299588683 29 12 0
4299588696 3 8 0
4299588709 599 394 2
4299588722 6 2 3
4299588735 17 6 0
4299588748 23 12 0
4299588761 39 38 0
4299588774 6 5 0
4299588787 16 17 0
4299588800 23 17 0
4299588813 27 23 0
4299588826 136 113 0
4299588839 25 24 0
4299588852 138 117 0
4299588865 239 193 3
4299588878 45 42 0
4299588891 164 161 0
4299588904 6 3 0
4299588917 9 9 0
4299588930 395 328 3
4299588943 4 5 0
4299588956 7 6 0
4299588969 5 4 0
4299588982 16 6 0
4299588995 7 8 0
4299589008 2 4 0
4299589021 10 6 0
4299589034 0 0 0
4299589047 0 0 0
4299589060 8 4 0
4299589073 37 31 0
4299589086 9 6 0
4299589099 9 6 0
4299589112 7 4 0
4299589125 5 6 0
4299589138 11 10 0
4299589151 10 7 0
4299589164 20 8 0
4299589177 23 16 0
4299589190 19 10 1
4299589203 14 9 0
4299589216 205 158 0
4299589229 10 6 0
4299589242 8 9 0
4299589255 281 279 4
4299589268 18 18 0
4299589281 47 27 0
4299589294 126 84 0
4299589307 267 216 2
4299589320 69 54 0
4299589333 208 201 0
4299589346 23 27 0
4299589359 381 350 3
4299589372 56 34 2
4299589385 126 118 3
4299589398 128 94 0
4299589411 134 113 2
4299589424 21 10 0
4299589437 181 165 3
4299589450 25 23 0
4299589463 70 67 0
4299589476 2 7 0
4299589489 41 54 0
4299589502 4 7 0
4299589515 0 4 0
4299589528 7 13 0
4299589541 8 7 0
4299589554 28 22 0
4299589567 3 4 0
4299589580 6 4 0
4299589593 3 1 0
4299589606 11 9 0
4299589619 13 20 0
4299589632 1 0 0
4299589645 9 7 0
4299589658 13 23 0
4299589671 82 71 0
4299589684 3 4 0
4299589697 14 7 0
4299589710 4 7 0
4299589723 21 29 0
4299589736 6 7 1
4299589749 21 14 0
4299589762 12 6 0
4299589775 45 56 1
4299589788 3 6 0
4299589801 33 28 0
4299589814 32 21 0
4299589827 147 127 3
4299589840 226 213 5
4299589853 141 114 0
4299589866 200 154 3
4299589879 10 0 2
4299589892 1 0 2
4299589905 0 0 0
4299589918 23 16 9
4299589931 7 6 1
4299589944 13 13 0
4299589957 6 8 0
4299589970 21 17 0
4299589983 139 116 0
4299589996 10 6 0
4299590009 176 183 4
4299590022 11 12 0
4299590035 314 285 1
4299590048 7 10 0
4299590061 0 3 0
4299590074 12 12 0
4299590087 6 12 0
4299590100 27 47 1
4299590113 102 128 1
4299590126 266 265 4
4299590139 29 32 0
4299590152 134 117 2
4299590165 97 90 4
4299590178 8 14 0
4299590191 9 15 0
4299590204 9 10 0
4299590217 14 10 0
4299590230 10 14 0
4299590243 22 17 0
4299590256 28 27 0
4299590269 1542 1642 21
4299590282 0 0 0
4299590295 0 0 1
4299590308 0 0 0
4299590321 624 482 4
4299590334 906 699 7
4299590347 253 276 2
4299590360 962 971 5
4299590373 534 511 5
4299590386 130 97 1
4299590399 0 0 1
4299590412 0 0 0
4299590425 0 0 1
4299590438 0 0 0
4299590451 0 0 0
4299590464 0 0 0
4299590477 0 0 1
4299590490 0 0 0
4299590503 0 0 0
4299590516 1359 1150 14
4299590529 2253 2305 21
4299590542 0 0 0
4299590555 0 0 3
4299590568 0 0 2
4299590581 375 359 3
4299590594 1310 1017 6
4299590607 860 890 9
4299590620 930 1008 5
4299590633 1908 1649 14
4299590646 0 0 0
4299590659 0 0 1
4299590672 0 0 1
4299590685 0 0 1
4299590698 0 0 1
4299590711 0 0 4
4299590724 0 0 0
4299590737 0 0 0
4299590750 0 0 2
4299590763 0 0 2
4299590776 782 707 7
4299590789 2504 2379 22
4299590802 18 15 1
4299590815 0 0 3
4299590828 0 0 4
4299590841 181 197 5
4299590854 1555 1300 12
4299590867 766 1022 6
4299590880 617 592 9
4299590893 1673 1547 16
4299590906 183 229 3
4299590919 0 0 2
4299590932 0 0 3
4299590945 0 0 3
4299590958 0 0 5
4299590971 0 0 4
4299590984 0 0 5
4299590997 0 0 4
4299591010 423 513 8
4299591023 0 0 0
4299591036 335 269 7
4299591049 1598 1772 22
4299591062 361 577 3
4299591075 0 0 0
4299591088 0 0 0
4299591101 382 204 3
4299591114 656 494 3
4299591127 442 625 11
4299591140 737 463 4
4299591153 746 725 10
4299591166 330 373 2
4299591179 0 0 0
4299591192 0 0 0
4299591205 0 0 0
4299591218 0 0 0
4299591231 0 0 0
4299591244 0 0 0
4299591257 80 79 1
4299591270 554 566 5
4299591283 0 0 0
4299591296 492 343 2
4299591309 686 566 7
4299591322 667 847 5
4299591335 0 0 0
4299591348 0 0 0
4299591361 912 445 6
4299591374 16 12 0
4299591387 433 419 1
4299591400 458 336 3
4299591413 539 444 5
4299591426 283 260 1
4299591439 0 0 0
4299591452 0 0 0
4299591465 0 0 0
4299591478 0 0 0
4299591491 0 0 0
4299591504 0 0 0
4299591517 391 346 4
4299591530 149 129 1
4299591543 0 0 0
4299591556 834 575 4
4299591569 10 5 4
4299591582 0 0 0
4299591595 0 0 0
4299591608 74 32 1
4299591621 699 351 2
4299591635 11 9 4
4299591648 84 51 0
4299591661 319 191 3
4299591674 413 321 6
4299591687 0 0 0
4299591700 0 0 0
4299591713 0 0 0
4299591726 0 0 0
4299591739 0 0 0
4299591752 0 0 0
4299591765 0 0 0
4299591778 448 369 3
4299591791 0 0 0
4299591804 380 177 3
4299591817 373 221 1
4299591830 0 0 0
4299591843 0 0 0
4299591856 0 0 0
4299591869 372 124 4
4299591882 0 0 0
4299591895 0 0 0
4299591908 0 0 0
4299591921 0 0 0
4299591934 0 0 0
4299591947 0 0 0
4299591960 0 0 0
4299591973 0 0 0
4299591986 0 0 0
4299591999 0 0 0
4299592012 0 0 0
4299592025 261 166 3
4299592038 161 104 1
4299592051 0 0 0
4299592065 0 0 0
4299592078 0 0 0
4299592091 0 0 0
4299592104 0 0 0
4299592117 0 0 0
4299592130 0 0 0
4299592143 0 0 0
4299592156 0 0 0
4299592169 0 0 0
4299592182 0 0 0
4299592195 0 0 0
4299592208 0 0 0
4299592221 0 0 0
4299592234 0 0 0
4299592247 0 0 0
4299592260 0 0 0
4299592273 0 0 0
4299592286 0 0 0
4299592299 0 0 0
4299592312 0 0 0
4299592325 0 0 0
4299592338 0 0 0
4299592351 0 0 0
4299592364 0 0 0
4299592377 0 0 0
4299592390 0 0 0
4299592403 0 0 0
4299592416 0 0 0
4299592429 0 0 0
4299592442 0 0 0
4299592455 0 0 0
4299592468 0 0 0
4299592481 0 0 0
4299592494 0 0 0
4299592507 0 0 0
4299592520 0 0 0
4299592533 0 0 0
4299592546 0 0 0
4299592559 0 0 0
4299592572 0 0 0
4299592585 0 0 0
4299592598 0 0 0
4299592611 0 0 0
4299592624 0 0 0
4299592637 0 0 0
4299592650 0 0 0
4299592663 0 0 0
4299592676 0 0 0
4299592689 0 0 0
4299592702 0 0 0
4299592715 0 0 0
4299592728 0 0 0
4299592741 0 0 0
4299592754 0 0 0
4299592767 0 0 0
4299592780 0 0 0
4299592793 0 0 0
4299592806 0 0 0
4299592819 0 0 0
4299592832 0 0 0
4299592845 0 0 0
4299592858 0 0 0
4299592871 0 0 0
4299592884 0 0 0
4299592897 0 0 0
4299592910 0 0 0
4299592923 0 0 0
4299592936 0 0 0
4299592949 0 0 0
4299592962 0 0 0
4299592975 0 0 0
4299592988 0 0 0
4299593001 0 0 0
4299593014 0 0 0
4299593027 0 0 0
4299593040 0 0 0
4299593053 0 0 0
4299593066 0 0 0
4299593079 0 0 0
4299593092 0 0 0
4299593105 0 0 0
4299593118 0 0 0
4299593131 0 0 0
4299593144 0 0 0
4299593157 0 0 0
4299593170 0 0 0
4299593183 0 0 0
4299593196 0 0 0
4299593209 0 0 0
4299593222 0 0 0
4299593235 0 0 0
4299593248 0 0 0
4299593261 0 0 0
4299593274 0 0 0
4299593287 0 0 0
4299593300 0 0 0
4299593313 0 0 0
4299593326 0 0 0
4299593339 0 0 0
4299593352 0 0 0
4299593365 0 0 0
4299593378 0 0 0
4299593391 0 0 0
4299593404 0 0 0
4299593417 0 0 0
4299593430 0 0 0
4299593443 0 0 0
4299593456 0 0 0
4299593469 0 0 0
4299593482 0 0 0
4299593495 0 0 0
4299593508 0 0 0
4299593521 0 0 0
4299593534 0 0 0
4299593547 0 0 0
4299593560 0 0 0
4299593573 0 0 0
4299593586 0 0 0
4299593599 0 0 0
4299593612 0 0 0
4299593625 0 0 0
4299593638 0 0 0
4299593651 0 0 0
4299593664 0 0 0
4299593677 0 0 0
4299593690 0 0 0
4299593703 0 0 0
4299593716 0 0 0
4299593729 0 0 0
4299593742 0 0 0
4299593755 0 0 0
4299593768 0 0 0
4299593781 0 0 0
4299593794 0 0 0
4299593807 0 0 0
4299593820 0 0 0
4299593833 0 0 0
4299593846 0 0 0
4299593859 0 0 0
4299593872 0 0 0
4299593885 0 0 0
4299593898 0 0 0
4299593911 0 0 0
4299593924 0 0 0
4299593937 0 0 0
4299593950 0 0 0
4299593963 0 0 0
4299593976 0 0 0
4299593989 0 0 0
4299594002 0 0 0
4299594015 0 0 0
4299594028 0 0 0
4299594041 0 0 0
4299594054 0 0 0
4299594067 0 0 0
4299594080 0 0 0
4299594093 0 0 0
4299594106 0 0 0
4299594119 0 0 0
4299594132 0 0 0
4299594145 0 0 0
4299594158 0 0 0
4299594171 0 0 0
4299594184 0 0 0
4299594197 0 0 0
4299594210 0 0 0
4299594223 0 0 0
4299594236 0 0 0
4299594249 0 0 0
4299594262 0 0 0
4299594275 0 0 0
4299594288 0 0 0
4299594301 0 0 0
4299594314 0 0 0
4299594327 0 0 0
4299594340 0 0 0
4299594353 0 0 0
4299594366 0 0 0
4299594379 0 0 0
4299594392 0 0 0
4299594405 0 0 0
4299594418 0 0 0
4299594431 0 0 0
4299594444 0 0 0
4299594457 0 0 0
4299594470 0 0 0
4299594483 0 0 0
4299594496 0 0 0
4299594509 0 0 0
4299594522 0 0 0
4299594535 0 0 0
4299594548 0 0 0
4299594561 0 0 0
4299594574 0 0 0
4299594587 0 0 0
4299594600 0 0 0
4299594613 0 0 0
4299594626 0 0 0
4299594639 0 0 0
4299594652 0 0 0
4299594665 0 0 0
4299594678 0 0 0
4299594691 0 0 0
4299594704 0 0 0
4299594717 0 0 0
4299594730 0 0 0
4299594743 0 0 0
4299594756 0 0 0
4299594769 0 0 0
4299594782 0 0 0
4299594795 0 0 0
4299594808 0 0 0
4299594821 0 0 0
4299594834 0 0 0
4299594847 0 0 0
4299594860 0 0 0
4299594873 0 0 0
4299594886 0 0 0
4299594899 0 0 0
4299594912 0 0 0
4299594925 0 0 0
4299594938 0 0 0
4299594951 0 0 0
4299594964 0 0 0
4299594977 0 0 0
4299594990 0 0 0
4299595003 0 0 0
4299595016 0 0 0
4299595029 0 0 0
4299595042 0 0 0
4299595055 0 0 0
4299595068 0 0 0
4299595081 0 0 0
4299595094 0 0 0
4299595107 0 0 0
4299595120 0 0 0
4299595133 0 0 0
4299595146 0 0 0
4299595159 0 0 0
4299595172 0 0 0
4299595185 0 0 0
4299595198 0 0 0
4299595211 0 0 0
4299595224 0 0 0
4299595237 0 0 0
4299595250 0 0 0
4299595263 0 0 0
4299595276 0 0 0
4299595289 0 0 0
4299595302 0 0 0
4299595315 0 0 0
4299595328 0 0 0
4299595341 0 0 0
4299595354 0 0 0
4299595367 0 0 0
4299595380 0 0 0
4299595393 0 0 0
4299595406 0 0 0
4299595419 0 0 0
4299595432 0 0 0
4299595445 0 0 0
4299595458 0 0 0
4299595471 0 0 0
4299595484 0 0 0
4299595497 0 0 0
4299595510 0 0 0
4299595523 0 0 0
4299595536 0 0 0
4299595549 0 0 0
4299595562 0 0 0
4299595575 0 0 0
4299595588 0 0 0
4299595601 0 0 0
4299595614 0 0 0
4299595627 0 0 0
4299595640 0 0 0
4299595653 0 0 0
4299595666 0 0 0
4299595679 0 0 0
4299595692 0 0 0
4299595705 0 0 0
4299595718 0 0 0
4299595731 0 0 0
4299595744 0 0 0
4299595757 0 0 0
read 2014 profiled data
