[97241.139664] 1.4319202833 2.0 30 40
[97241.191686] 1.4319202846 2.0 30 40
[97241.243678] 1.4319202859 2.0 30 40
[97241.295668] 1.4319202872 2.0 30 40
[97241.347666] 1.4319202885 2.0 30 40
[97241.399669] 1.4319202898 2.0 30 40
[97241.451671] 1.4319202911 2.0 30 40
[97241.503672] 1.4319202924 2.8735 30 43
[97241.555666] 1.4319202937 2.0 30 40
[97241.615666] 1.4319202952 2.7037 30 43
[97241.667663] 1.4319202965 2.18452 30 47
[97241.719666] 1.4319202978 2.0 30 40
[97241.771675] 1.4319202991 2.0 30 40
[97241.823688] 1.4319203004 2.0 30 40
[97241.875673] 1.4319203017 2.0 30 40
[97241.927665] 1.4319203030 2.0 30 40
[97241.979671] 1.4319203043 2.0 30 40
[97242.031675] 1.4319203056 2.0 30 40
[97242.083668] 1.4319203069 2.0 30 40
[97242.135664] 1.4319203082 2.0 30 40
[97242.187671] 1.4319203095 2.0 30 40
[97242.239671] 1.4319203108 2.0 30 40
[97242.291664] 1.4319203121 2.0 30 40
[97242.343662] 1.4319203134 2.0 30 40
[97242.395660] 1.4319203147 2.0 30 40
[97242.447666] 1.4319203160 2.0 30 40
[97242.499682] 1.4319203173 2.8442 30 43
[97242.551663] 1.4319203186 2.0 30 40
[97242.603663] 1.4319203199 2.0 30 40
[97242.655651] 1.4319203212 2.5950 30 43
[97242.707663] 1.4319203225 2.15344 30 46
[97242.759672] 1.4319203238 2.0 30 40
[97242.811661] 1.4319203251 2.0 30 40
[97242.863687] 1.4319203264 2.0 30 40
[97242.915665] 1.4319203277 2.0 30 40
[97242.967661] 1.4319203290 2.0 30 40
[97243.019681] 1.4319203303 2.0 30 40
[97243.071662] 1.4319203316 2.0 30 40
[97243.123730] 1.4319203329 2.0 30 40
[97243.175747] 1.4319203342 2.0 30 40
[97243.227660] 1.4319203355 2.0 30 40
[97243.279647] 1.4319203368 2.0 30 40
[97243.331659] 1.4319203381 2.0 30 40
[97243.383652] 1.4319203394 2.0 30 40
[97243.435645] 1.4319203407 2.0 30 40
[97243.487648] 1.4319203420 2.0 30 40
[97243.539649] 1.4319203433 2.8092 30 43
[97243.591657] 1.4319203446 2.0 30 40
[97243.643663] 1.4319203459 2.0 30 40
[97243.695641] 1.4319203472 2.7878 30 44
[97243.747642] 1.4319203485 2.9696 30 44
[97243.799654] 1.4319203498 2.0 30 40
[97243.851652] 1.4319203511 2.0 30 40
[97243.903645] 1.4319203524 2.0 30 40
[97243.955637] 1.4319203537 2.0 30 40
[97244.007657] 1.4319203550 2.0 30 40
[97244.059655] 1.4319203563 2.0 30 40
[97244.111643] 1.4319203576 2.0 30 40
[97244.163655] 1.4319203589 2.0 30 40
[97244.215645] 1.4319203602 2.0 30 40
[97244.267654] 1.4319203615 2.0 30 40
[97244.319650] 1.4319203628 2.0 30 40
[97244.371651] 1.4319203641 2.0 30 40
[97244.423648] 1.4319203654 2.0 30 40
[97244.475655] 1.4319203667 2.0 30 40
[97244.527652] 1.4319203680 2.7767 30 44
[97244.579638] 1.4319203693 2.0 30 40
[97244.631632] 1.4319203706 2.0 30 40
[97244.683642] 1.4319203719 2.0 30 40
[97244.735629] 1.4319203732 2.11250 30 46
[97244.787643] 1.4319203745 2.3142 30 41
[97244.839637] 1.4319203758 2.0 30 40
[97244.891653] 1.4319203771 2.0 30 40
[97244.943650] 1.4319203784 2.0 30 40
[97244.995638] 1.4319203797 2.0 30 40
[97245.047633] 1.4319203810 2.0 30 40
[97245.099635] 1.4319203823 2.0 30 40
[97245.151667] 1.4319203836 2.0 30 40
[97245.203634] 1.4319203849 2.0 30 40
[97245.255636] 1.4319203862 2.0 30 40
[97245.307640] 1.4319203875 2.0 30 40
[97245.359645] 1.4319203888 2.0 30 40
[97245.411636] 1.4319203901 2.0 30 40
[97245.463630] 1.4319203914 2.0 30 40
[97245.515646] 1.4319203927 2.0 30 40
[97245.567660] 1.4319203940 2.7473 30 42
[97245.619643] 1.4319203953 2.0 30 40
[97245.671630] 1.4319203966 2.0 30 40
[97245.723619] 1.4319203979 2.0 30 40
[97245.775633] 1.4319203992 2.11933 30 46
[97245.827623] 1.4319204005 2.0 30 40
[97245.879616] 1.4319204018 2.0 30 40
[97245.931630] 1.4319204031 2.0 30 40
[97245.983618] 1.4319204044 2.0 30 40
[97246.035623] 1.4319204057 2.0 30 40
[97246.087615] 1.4319204070 2.0 30 40
[97246.139652] 1.4319204083 2.0 30 40
[97246.191632] 1.4319204096 2.0 30 40
[97246.243614] 1.4319204109 2.0 30 40
[97246.295619] 1.4319204122 2.0 30 40
[97246.347621] 1.4319204135 2.0 30 40
[97246.399618] 1.4319204148 2.0 30 40
[97246.451621] 1.4319204161 2.0 30 40
[97246.503620] 1.4319204174 2.0 30 40
[97246.555618] 1.4319204187 2.7169 30 43
[97246.607619] 1.4319204200 2.0 30 40
[97246.659617] 1.4319204213 2.0 30 40
[97246.711620] 1.4319204226 2.0 30 40
[97246.763621] 1.4319204239 2.0 30 40
[97246.815615] 1.4319204252 2.9944 30 45
[97246.867613] 1.4319204265 2.0 30 40
[97246.919613] 1.4319204278 2.0 30 40
[97246.971617] 1.4319204291 2.0 30 40
[97247.023614] 1.4319204304 2.0 30 40
[97247.075611] 1.4319204317 2.0 30 40
[97247.127611] 1.4319204330 2.0 30 40
[97247.179617] 1.4319204343 2.0 30 40
[97247.231610] 1.4319204356 2.0 30 40
[97247.283602] 1.4319204369 2.0 30 40
[97247.335611] 1.4319204382 2.0 30 40
[97247.387606] 1.4319204395 2.0 30 40
[97247.439612] 1.4319204408 2.0 30 40
[97247.491610] 1.4319204421 2.0 30 40
[97247.543601] 1.4319204434 2.0 30 40
[97247.595602] 1.4319204447 2.7030 30 43
[97247.647605] 1.4319204460 2.0 30 40
[97247.699606] 1.4319204473 2.0 30 40
[97247.751598] 1.4319204486 2.0 30 40
[97247.803598] 1.4319204499 2.7577 30 45
[97247.855615] 1.4319204512 2.535 30 40
[97247.907605] 1.4319204525 2.0 30 40
[97247.959610] 1.4319204538 2.0 30 40
[97248.011600] 1.4319204551 2.0 30 40
[97248.063601] 1.4319204564 2.0 30 40
[97248.115614] 1.4319204577 2.0 30 40
[97248.167609] 1.4319204590 2.0 30 40
[97248.219600] 1.4319204603 2.0 30 40
[97248.271596] 1.4319204616 2.0 30 40
[97248.323600] 1.4319204629 2.0 30 40
[97248.375598] 1.4319204642 2.0 30 40
[97248.427594] 1.4319204655 2.0 30 40
[97248.479593] 1.4319204668 2.0 30 40
[97248.531584] 1.4319204681 2.0 30 40
[97248.583594] 1.4319204694 2.6593 30 43
[97248.635584] 1.4319204707 2.0 30 40
[97248.687599] 1.4319204720 2.0 30 40
[97248.739592] 1.4319204733 2.0 30 40
[97248.791582] 1.4319204746 2.0 30 40
[97248.843586] 1.4319204759 2.6686 30 44
[97248.895587] 1.4319204772 2.0 30 40
[97248.947584] 1.4319204785 2.0 30 40
[97248.999590] 1.4319204798 2.0 30 40
[97249.051598] 1.4319204811 2.0 30 40
[97249.103584] 1.4319204824 2.0 30 40
[97249.155589] 1.4319204837 2.0 30 40
[97249.207586] 1.4319204850 2.0 30 40
[97249.259594] 1.4319204863 2.0 30 40
[97249.311597] 1.4319204876 2.0 30 40
[97249.363591] 1.4319204889 2.0 30 40
[97249.415580] 1.4319204902 2.0 30 40
[97249.467587] 1.4319204915 2.0 30 40
[97249.519571] 1.4319204928 2.0 30 40
[97249.571584] 1.4319204941 2.2003 30 41
[97249.623579] 1.4319204954 2.4444 30 41
[97249.675582] 1.4319204967 2.0 30 40
[97249.727580] 1.4319204980 2.0 30 40
[97249.779579] 1.4319204993 2.0 30 40
[97249.831571] 1.4319205006 2.2849 30 43
[97249.883570] 1.4319205019 2.2675 30 42
[97249.936457] 1.4319205032 2.0 30 40
[97249.987591] 1.4319205045 2.0 30 40
[97250.039593] 1.4319205058 2.0 30 40
[97250.091583] 1.4319205071 2.0 30 40
[97250.143582] 1.4319205084 2.0 30 40
[97250.195578] 1.4319205097 2.0 30 40
[97250.247570] 1.4319205110 2.0 30 40
[97250.299574] 1.4319205123 2.0 30 40
[97250.351565] 1.4319205136 2.0 30 40
[97250.403565] 1.4319205149 2.0 30 40
[97250.455569] 1.4319205162 2.0 30 40
[97250.507568] 1.4319205175 2.0 30 40
[97250.559571] 1.4319205188 2.0 30 40
[97250.611565] 1.4319205201 2.6166 30 43
[97250.663562] 1.4319205214 2.0 30 40
[97250.715559] 1.4319205227 2.0 30 40
[97250.767569] 1.4319205240 2.0 30 40
[97250.819565] 1.4319205253 2.0 30 40
[97250.871560] 1.4319205266 2.4633 30 43
[97250.923557] 1.4319205279 2.0 30 40
[97250.975578] 1.4319205292 2.0 30 40
[97251.027568] 1.4319205305 2.0 30 40
[97251.079568] 1.4319205318 2.0 30 40
[97251.131574] 1.4319205331 2.0 30 40
[97251.183569] 1.4319205344 2.0 30 40
[97251.235560] 1.4319205357 2.0 30 40
[97251.287571] 1.4319205370 2.0 30 40
[97251.339565] 1.4319205383 2.0 30 40
[97251.391565] 1.4319205396 2.0 30 40
[97251.443562] 1.4319205409 2.0 30 40
[97251.495556] 1.4319205422 2.0 30 40
[97251.547548] 1.4319205435 2.0 30 40
[97251.599556] 1.4319205448 2.6008 30 42
[97251.651563] 1.4319205461 2.0 30 40
[97251.703552] 1.4319205474 2.0 30 40
[97251.755558] 1.4319205487 2.0 30 40
[97251.807550] 1.4319205500 2.0 30 40
[97251.859547] 1.4319205513 2.1816 30 42
[97251.911562] 1.4319205526 2.2007 30 41
[97251.963562] 1.4319205539 2.0 30 40
[97252.015553] 1.4319205552 2.0 30 40
[97252.067551] 1.4319205565 2.0 30 40
[97252.119559] 1.4319205578 2.0 30 40
[97252.171554] 1.4319205591 2.0 30 40
[97252.223555] 1.4319205604 2.0 30 40
[97252.275553] 1.4319205617 2.0 30 40
[97252.327565] 1.4319205630 2.0 30 40
[97252.379546] 1.4319205643 2.0 30 40
[97252.431551] 1.4319205656 2.0 30 40
[97252.483544] 1.4319205669 2.0 30 40
[97252.535552] 1.4319205682 2.0 30 40
[97252.587568] 1.4319205695 2.0 30 40
[97252.639551] 1.4319205708 2.5665 30 43
[97252.691548] 1.4319205721 2.0 30 40
[97252.743549] 1.4319205734 2.0 30 40
[97252.795535] 1.4319205747 2.0 30 40
[97252.847559] 1.4319205760 2.0 30 40
[97252.899549] 1.4319205773 2.3058 30 43
[97252.951537] 1.4319205786 2.0 30 40
[97253.003546] 1.4319205799 2.0 30 40
[97253.055555] 1.4319205812 2.0 30 40
[97253.107543] 1.4319205825 2.0 30 40
[97253.159544] 1.4319205838 2.0 30 40
[97253.211547] 1.4319205851 2.0 30 40
[97253.263544] 1.4319205864 2.0 30 40
[97253.315546] 1.4319205877 2.0 30 40
[97253.367549] 1.4319205890 2.0 30 40
[97253.419538] 1.4319205903 2.0 30 40
[97253.471533] 1.4319205916 2.0 30 40
[97253.523537] 1.4319205929 2.0 30 40
[97253.575547] 1.4319205942 2.0 30 40
[97253.627552] 1.4319205955 2.5540 30 42
[97253.679523] 1.4319205968 2.0 30 40
[97253.731535] 1.4319205981 2.0 30 40
[97253.783557] 1.4319205994 2.0 30 40
[97253.835531] 1.4319206007 2.0 30 40
[97253.887530] 1.4319206020 2.2559 30 43
[97253.939535] 1.4319206033 2.29 30 40
[97253.991531] 1.4319206046 2.0 30 40
[97254.043531] 1.4319206059 2.0 30 40
[97254.095536] 1.4319206072 2.0 30 40
[97254.147532] 1.4319206085 2.0 30 40
[97254.199528] 1.4319206098 2.0 30 40
[97254.251529] 1.4319206111 2.0 30 40
[97254.303531] 1.4319206124 2.0 30 40
[97254.355522] 1.4319206137 2.0 30 40
[97254.407528] 1.4319206150 2.0 30 40
[97254.459522] 1.4319206163 2.0 30 40
[97254.511540] 1.4319206176 2.0 30 40
[97254.563536] 1.4319206189 2.0 30 40
[97254.615524] 1.4319206202 2.0 30 40
[97254.667533] 1.4319206215 2.5248 30 42
[97254.719514] 1.4319206228 2.0 30 40
[97254.771538] 1.4319206241 2.0 30 40
[97254.823519] 1.4319206254 2.0 30 40
[97254.875538] 1.4319206267 2.0 30 40
[97254.927525] 1.4319206280 2.2097 30 42
[97254.979528] 1.4319206293 2.0 30 40
[97255.031522] 1.4319206306 2.0 30 40
[97255.083513] 1.4319206319 2.0 30 40
[97255.135525] 1.4319206332 2.0 30 40
[97255.187547] 1.4319206345 2.0 30 40
[97255.239512] 1.4319206358 2.0 30 40
[97255.291517] 1.4319206371 2.0 30 40
[97255.343527] 1.4319206384 2.0 30 40
[97255.395524] 1.4319206397 2.0 30 40
[97255.447550] 1.4319206410 2.0 30 40
[97255.499535] 1.4319206423 2.0 30 40
[97255.551532] 1.4319206436 2.0 30 40
[97255.603531] 1.4319206449 2.0 30 40
[97255.655509] 1.4319206462 2.5172 30 42
[97255.707512] 1.4319206475 2.0 30 40
[97255.759535] 1.4319206488 2.0 30 40
[97255.811540] 1.4319206501 2.0 30 40
[97255.863526] 1.4319206514 2.0 30 40
[97255.915507] 1.4319206527 2.1714 30 42
[97255.967521] 1.4319206540 2.0 30 40
[97256.019515] 1.4319206553 2.0 30 40
[97256.071511] 1.4319206566 2.0 30 40
[97256.123520] 1.4319206579 2.0 30 40
[97256.175547] 1.4319206592 2.0 30 40
[97256.227520] 1.4319206605 2.0 30 40
[97256.279513] 1.4319206618 2.0 30 40
[97256.331505] 1.4319206631 2.0 30 40
[97256.383510] 1.4319206644 2.0 30 40
[97256.435507] 1.4319206657 2.0 30 40
[97256.487508] 1.4319206670 2.0 30 40
[97256.539500] 1.4319206683 2.0 30 40
[97256.591521] 1.4319206696 2.0 30 40
[97256.643508] 1.4319206709 2.4833 30 42
[97256.695507] 1.4319206722 2.0 30 40
[97256.747499] 1.4319206735 2.0 30 40
[97256.799504] 1.4319206748 2.0 30 40
[97256.851503] 1.4319206761 2.0 30 40
[97256.903490] 1.4319206774 2.0 30 40
[97256.955489] 1.4319206787 2.1438 30 42
[97257.007505] 1.4319206800 2.0 30 40
[97257.059496] 1.4319206813 2.0 30 40
[97257.111490] 1.4319206826 2.0 30 40
[97257.163500] 1.4319206839 2.0 30 40
[97257.215510] 1.4319206852 2.0 30 40
[97257.267500] 1.4319206865 2.0 30 40
[97257.319492] 1.4319206878 2.0 30 40
[97257.371499] 1.4319206891 2.0 30 40
[97257.423495] 1.4319206904 2.0 30 40
[97257.475507] 1.4319206917 2.0 30 40
[97257.527500] 1.4319206930 2.0 30 40
[97257.579491] 1.4319206943 2.0 30 40
[97257.631508] 1.4319206956 2.0 30 40
[97257.683487] 1.4319206969 2.4696 30 42
[97257.735489] 1.4319206982 2.0 30 40
[97257.787487] 1.4319206995 2.0 30 40
[97257.839491] 1.4319207008 2.0 30 40
[97257.891490] 1.4319207021 2.0 30 40
[97257.943482] 1.4319207034 2.1151 30 42
[97257.995483] 1.4319207047 2.0 30 40
[97258.047493] 1.4319207060 2.0 30 40
[97258.099485] 1.4319207073 2.0 30 40
[97258.151493] 1.4319207086 2.0 30 40
[97258.203488] 1.4319207099 2.0 30 40
[97258.255485] 1.4319207112 2.0 30 40
[97258.307486] 1.4319207125 2.0 30 40
[97258.359482] 1.4319207138 2.0 30 40
[97258.411480] 1.4319207151 2.0 30 40
[97258.463477] 1.4319207164 2.0 30 40
[97258.515482] 1.4319207177 2.0 30 40
[97258.567484] 1.4319207190 2.0 30 40
[97258.619477] 1.4319207203 2.0 30 40
[97258.671484] 1.4319207216 2.0 30 46
[97258.687716] PID : 18036 Unregister
[97258.723473] 1.4319207229 2.0 30 40
[97258.775496] 1.4319207242 2.0 30 40
[97258.827474] 1.4319207255 2.0 30 40
[97258.879481] 1.4319207268 2.0 30 40
[97258.935509] 1.4319207282 2.0 30 44
[97258.987531] 1.4319207295 2.0 30 413
[97258.988476] PID : 18035 Unregister
[97268.185072] MP3 OPEN
[97268.185366] MMAP function!
[97268.185509] The 0 
[97268.185643] The 1 
[97268.185773] The 2 
[97268.185896] The 3 
[97268.186017] The 4 
[97268.186163] The 5 
[97268.186284] The 6 
[97268.186396] The 7 
[97268.186506] The 8 
[97268.186615] The 9 
[97268.186723] The 10 
[97268.186831] The 11 
[97268.186935] The 12 
[97268.187060] The 13 
[97268.187160] The 14 
[97268.187258] The 15 
[97268.187378] The 16 
[97268.187483] The 17 
[97268.187580] The 18 
[97268.187677] The 19 
[97268.187772] The 20 
[97268.187867] The 21 
[97268.187962] The 22 
[97268.188068] The 23 
[97268.188161] The 24 
[97268.188254] The 25 
[97268.188344] The 26 
[97268.188430] The 27 
[97268.188511] The 28 
[97268.188591] The 29 
[97268.188669] The 30 
[97268.188764] The 31 
[97268.188865] The 32 
[97268.188942] The 33 
[97268.189026] The 34 
[97268.189093] The 35 
[97268.189156] The 36 
[97268.189216] The 37 
[97268.189276] The 38 
[97268.189336] The 39 
[97268.189395] The 40 
[97268.189454] The 41 
[97268.189513] The 42 
[97268.189572] The 43 
[97268.189631] The 44 
[97268.189690] The 45 
[97268.189749] The 46 
[97268.189808] The 47 
[97268.189866] The 48 
[97268.189924] The 49 
[97268.189983] The 50 
[97268.190042] The 51 
[97268.190101] The 52 
[97268.190160] The 53 
[97268.190219] The 54 
[97268.190278] The 55 
[97268.190337] The 56 
[97268.190400] The 57 
[97268.190459] The 58 
[97268.190517] The 59 
[97268.190575] The 60 
[97268.190633] The 61 
[97268.190691] The 62 
[97268.190749] The 63 
[97268.190807] The 64 
[97268.190865] The 65 
[97268.190923] The 66 
[97268.190981] The 67 
[97268.191039] The 68 
[97268.191097] The 69 
[97268.191155] The 70 
[97268.191212] The 71 
[97268.191270] The 72 
[97268.191328] The 73 
[97268.191401] The 74 
[97268.191461] The 75 
[97268.191519] The 76 
[97268.191577] The 77 
[97268.191635] The 78 
[97268.191692] The 79 
[97268.191750] The 80 
[97268.191808] The 81 
[97268.191866] The 82 
[97268.191924] The 83 
[97268.191983] The 84 
[97268.192041] The 85 
[97268.192099] The 86 
[97268.192157] The 87 
[97268.192215] The 88 
[97268.192272] The 89 
[97268.192330] The 90 
[97268.192388] The 91 
[97268.192446] The 92 
[97268.192503] The 93 
[97268.192561] The 94 
[97268.192620] The 95 
[97268.192678] The 96 
[97268.192736] The 97 
[97268.192795] The 98 
[97268.192854] The 99 
[97268.192912] The 100 
[97268.192970] The 101 
[97268.193042] The 102 
[97268.193101] The 103 
[97268.193173] The 104 
[97268.193232] The 105 
[97268.193291] The 106 
[97268.193349] The 107 
[97268.193407] The 108 
[97268.193465] The 109 
[97268.193524] The 110 
[97268.193582] The 111 
[97268.193641] The 112 
[97268.193700] The 113 
[97268.193759] The 114 
[97268.193817] The 115 
[97268.193876] The 116 
[97268.193935] The 117 
[97268.193993] The 118 
[97268.194051] The 119 
[97268.194110] The 120 
[97268.194169] The 121 
[97268.194227] The 122 
[97268.194286] The 123 
[97268.194345] The 124 
[97268.194413] The 125 
[97268.194472] The 126 
[97268.194531] The 127 
[97268.196228] monitor: Corrupted page table at address 7f23c1c86000
[97268.196318] PGD b96cd067 PUD b870e067 PMD b964f067 PTE 8005800000000237
[97268.196417] Bad pagetable: 000d [#7] SMP 
[97268.196517] Modules linked in: mp3(OE) ufs qnx4 hfsplus hfs minix ntfs msdos jfs vmw_vsock_vmci_transport vsock ppdev vmw_balloon joydev input_leds serio_raw shpchp vmw_vmci i2c_piix4 nfit mac_hid parport_pc parport sunrpc ib_iser rdma_cm iw_cm ib_cm ib_sa ib_mad ib_core ib_addr iscsi_tcp libiscsi_tcp libiscsi scsi_transport_iscsi autofs4 xfs btrfs raid10 raid456 async_raid6_recov async_memcpy async_pq async_xor async_tx xor raid6_pq libcrc32c raid1 raid0 multipath linear crct10dif_pclmul crc32_pclmul e1000e aesni_intel vmwgfx aes_x86_64 lrw glue_helper ttm ablk_helper cryptd psmouse drm_kms_helper mptspi mptscsih syscopyarea sysfillrect mptbase sysimgblt fb_sys_fops scsi_transport_spi ahci ptp libahci pps_core drm pata_acpi floppy fjes [last unloaded: mp3]
[97268.198170] CPU: 0 PID: 18042 Comm: monitor Tainted: G      D    OE   4.4.0-yuguang2 #1
[97268.198449] Hardware name: VMware, Inc. VMware Virtual Platform/440BX Desktop Reference Platform, BIOS 6.00 07/28/2017
[97268.199034] task: ffff8800339bc140 ti: ffff8800b9450000 task.ti: ffff8800b9450000
[97268.199360] RIP: 0033:[<000000000040096e>]  [<000000000040096e>] 0x40096e
[97268.199698] RSP: 002b:00007ffeb55b7370  EFLAGS: 00010206
[97268.200039] RAX: 00007f23c1c86000 RBX: 0000000000000000 RCX: 000000007ffffffe
[97268.200397] RDX: 0000000000010000 RSI: 0000000000000001 RDI: 000000000227f4d5
[97268.200760] RBP: 00007ffeb55b7390 R08: 0000000000000000 R09: 0000000000000002
[97268.201128] R10: 0000000000000000 R11: 0000000000000000 R12: 00000000004005a0
[97268.201506] R13: 00007ffeb55b7470 R14: 0000000000000000 R15: 0000000000000000
[97268.201885] FS:  00007f23c1cf7700(0000) GS:ffff88013fc00000(0000) knlGS:0000000000000000
[97268.202279] CS:  0010 DS: 0000 ES: 0000 CR0: 0000000080050033
[97268.202680] CR2: 00007f23c1c86000 CR3: 00000000b8f8a000 CR4: 00000000003406f0
[97268.203125] DR0: 0000000000000000 DR1: 0000000000000000 DR2: 0000000000000000
[97268.203551] DR3: 0000000000000000 DR6: 00000000fffe0ff0 DR7: 0000000000000400

[97268.204412] RIP  [<000000000040096e>] 0x40096e
[97268.204853]  RSP <00007ffeb55b7370>
[97268.205302] ---[ end trace 0f49e069a5f5b900 ]---
[97268.206256] MP3 RELEASE
